0	1	2	3	4	5	6	7	4	8	9	10	11	12	13	5	14	15	16	17
18	19	20	21	22	23	24	25	26
27	28	29	30	31	28	29	32	33	34	35	36	37	38	39	40	41	42
43	44	45	46	1	47	48	49	50	51	52	53	28	29	51	54	10	55	56	57	58	59	55	60	61	51	62	63	64	65	66	67	55	68	69	51	70	71	72	73	25	74
75	76	77	78	79	67	80
81	82	83	49	50	84	85	86	87	88	89	90	91	90
75	92	93	94	83	79	67	80	95	96	97	98
99	100	101	102	35	79	67	80	103	104	13	105	106	100	107	108	1	109	110	111	112	113	79	67	80	114
75	115	10	51	116	10	53	25	117	118	86	104	13	119	120	121	122	123	124	125	126
127	128	23	129	130	131	84
75	82	47	132	83	133	13	134	135	136	92	83	137	138	139	13	140	10	53	116	141	142	143
81	144	145	146	92	94	92	147	83	49	50	84
127	148	149	49	50	84
150	151	152	153	154	83	115	10	143	155	156	38	157	158	159	160	161
162	163	164	165	166	167	168	169	170	23	120	171	82	172	66	173
174	175	176	177	10	57	28	29	51	178	179	180	181	182	183	184	185	186	187
75	100	101	102	35	79	67	80	188	100	107	189	190
191	38	83	79	67	80	192	193	194	46	195	196	197	198	199	13	200
81	201	202	106	34	172	66	173	203	204	205	206
81	207	208	131	74	209	210	211	212	138
213	214	215	216	165	158	217	218	93	219	216	220	200	221	85	86	222	223	224	11	225	226	227	228	229	230	231	232	185	173
233	234	235	172	66	160	236	25	173	237	128	170	126	120	238
81	239	240	241	57	179	50	51	116	242	142	55	66	67	55	25	71	25	84	121	243	170	126	244	122	245	38
246	247	248	248	26	82	249	250	251	165	252	253	254	156	10	57	255	256	25	257	258	259	260	261	131	71	262	263	264	265	266	267	268
75	269	270	121	271	272	273	239	44	45	1	47	274	53	179	50	51	275	10	84	276	277	278	1	279	280	281	282
283	284	285	98	286	25	26	287	288	289	290	138	291	292	293	138	289	85	46	294
150	295	194	3	86	49	50	84	282	296	12	179	50
127	297	122	298	299	300	301	302	303	304	305	306	307	308	309	131	51	74	310	311	122	312	313	66	180	178	179	182	301	55	314	25	173
75	115	10	84	289	315	316	120	3	86	165	317	1	318	319
75	23	320	3	321	322	200	221	3	223	224	11	155	5	115	10	143	323	1	324	325	85	321
191	326	327	328	10	143	329	330	331	332	333	119	334	335
81	316	292	336	337	338	286	339	340	341	120	163	342	343	344	345	346	347	348	25	26	345	179	50	32	349	350	351	352	98	353	354	82	355	356	340	357	104	13	106	358	359	342	360	361	362	363	364	365	366	367	368	369	98	370	371	355	372	373	374	375	118	86	104	13	376	105	106	377	378	379	380	381	382	325	383	384	144	145	146
385	386	25	387	170	388	119	120	131	74	389	137	13	390	391	1	318
75	392	23	131	84	393	106	394	395	396	280	3	397	398	2
399	115	10	84	153	400	5	152	401	402	403	404	139	13
405	334	406	261	407	408	170	409	339	165	410	411	235	412	413	212	46	138	8	414	194	38	415	416	417	180	418	10	419	420	10	419	25	117	375	421	422	423	13	138	424	41	40	254	37	40	425	39	40	426	177	10	57	28	29	51	427	428	160	62	62	419	66	10	429	376	430	1	157	396	211	431	432	433	194	3	241	57	58	59	182	185	419	434	10	313	25	74
81	435	436	437	438	10	439	272	440	13	441	442	443	335	444	292	445
43	44	45	46	1	47	48	49	50	51	52	53	28	29	51	54	10	55	56	57	58	59	55	60	61	51	62	63	64	65	66	67	55	68	69	51	70	71	72	73	25	74
446	172	66	173	447	272	448
399	449	450	451	452	453	454	455	13	156	456	158	138	115	10	143	457	458	13	282	459	460	454	461	462	463	464	465	466	467	468	469	470	10	471
81	472	94	128	170	157	90	269	239	120	286	49	50	51	275	10	51	116	10	53	25	51	25	53	25	117
75	82	83	387	1	47	35	25	26	335	266	442	473	474	144	104	475	476	477	478	165	479	480	412
481	172	66	173	482	280	483	484	485	486	78	487	488	489	2	490	491	107
492	316	493	94	325	494	495	3	86	49	50	84	496	3	86	497	498
499	500	501	502	503	504	1	505	506	507	508	509	510	28	29	32
385	511	46	1	47	512	513	1	157	3	5	115	10	143	514	121	122	7	5	136	1	2	46	515	478
174	199	46	516	299	322	517	78	518	519	7	520	521	13	445	7	118	522	13	523	442	105	106	524	100	86	172	66	173	525	381	526
81	472	45	120	527	288	338	7	254	528	71	66	67	55	179	50	529	530	531	338	532	105	533	534	131	143	535	400	536	175	46	479	274	71	428	143	537	46	538	539	540	10	117	541	542	543	544	545	546	547	548	139	46
81	472	94	128	170	157	90	269	239	120	286	49	50	51	275	10	51	116	10	53	25	51	25	53	25	117
549	155	5	115	10	84	316	23
405	334	406	261	407	408	170	409	339	165	410	411	235	412	413	212	46	138	8	414	194	38	415	416	417	180	418	10	419	420	10	419	25	117	375	421	422	423	13	138	424	41	40	254	37	40	425	39	40	426	177	10	57	28	29	51	427	428	160	62	62	419	66	10	429	376	430	1	157	396	211	431	432	433	194	3	241	57	58	59	182	185	419	434	10	313	25	74
550	551	552	553	554	555	556	293	557	558	293	559	560	561	562	563	564	565	173	566	567	568	10	11	569	570	66	173	571	572	573	574	575	98	576	577	578	579	354	284	572	200	580	581	299
81	239	240	241	57	179	50	51	116	242	142	55	66	67	55	25	71	25	84	121	243	170	126	244	122	245	38
492	582	149	583	200	221	584	3	585	586	587	588	224	11	589	590	591	138	592	593	594	595	596
597	276	374	598	415	416	248	10	57	28	29	30	57	58	59	80	599	131	71	600	601	602	41	40	177	10	57	256	255	603	604	280	321	241	57	116	141	142	53	68	69	51	179	50	84	605	7	1	606	607	608
283	170	45	286	123	124	328	10	143	148	332	49	50	51	255	10	609	255	10	65	116	10	53	25	117	308	309	131	84	610	170	332	611	53	66	67	80	612	81	613	301	351	320	77	614	243	170	332	495	3	86	137	615	138	46	616
0	131	617	237	120	82	83	131	84	618	619	620	621
597	276	374	598	415	416	248	10	57	28	29	30	57	58	59	80	599	131	71	600	601	602	41	40	177	10	57	256	255	603	604	280	321	241	57	116	141	142	53	68	69	51	179	50	84	605	7	1	606	607	608
622	7	25	26	269	623	121	624	261	480	625	626	627	628	629	45	120	262	630
597	276	374	598	415	416	248	10	57	28	29	30	57	58	59	80	599	131	71	600	601	602	41	40	177	10	57	256	255	603	604	280	321	241	57	116	141	142	53	68	69	51	179	50	84	605	7	1	606	607	608
81	200	221	299	631	632	633	10	587	588	224	11	280	3	634	284	635	636	13	637	378	638	639	640	200	641	642	158	138
81	472	45	120	527	288	338	7	254	528	71	66	67	55	179	50	529	530	531	338	532	105	533	534	131	143	535	400	536	175	46	479	274	71	428	143	537	46	538	539	540	10	117	541	542	543	544	545	546	547	548	139	46
174	643	83	436	644	128	170	269	172	66	173	280	645	149	46	165	337	338	105	106	646	647	104	13
648	511	649	650	120	284	651	82	652	13	176	25	653	654	26	655	82	656	13	286	116	141	142	657	179	50	32	82	658
283	272	48	659	286	128	170	332	328	10	660	447	170	332	131	74	387	170	332	661	660
174	175	176	177	10	57	28	29	51	178	179	180	181	182	183	184	185	186	187
662	82	663	664	579	131	74	665	3
81	472	94	128	170	157	90	269	239	120	286	49	50	51	275	10	51	116	10	53	25	51	25	53	25	117
666	549	667	100	668	67	66	669	670	671	517	339	672	442	673	674	13	675	676	375	677	442	13	678	679	442	680	681	475	376	340	646	673	674	13	377	682	683	684	381	7	685	686	687
648	389	688	689	641	254	121	272	131	117	131	84	115	690	603	337	129	272	691	143	692	693	80	694	272	695	10	84	696	697
597	276	374	598	415	416	248	10	57	28	29	30	57	58	59	80	599	131	71	600	601	602	41	40	177	10	57	256	255	603	604	280	321	241	57	116	141	142	53	68	69	51	179	50	84	605	7	1	606	607	608
81	472	94	128	170	157	90	269	239	120	286	49	50	51	275	10	51	116	10	53	25	51	25	53	25	117
25	26	698	35	699	700	701	153	280	38
702	152	703	120	79	67	80	610	704	705	706	170	269
81	472	94	128	170	157	90	269	239	120	286	49	50	51	275	10	51	116	10	53	25	51	25	53	25	117
75	92	707	708	610	149	709	92	3	86	685	710	23	83	711	80	47	92	77	614	243	170	332
99	712	713	346	714	25	117	129	86	90	715	716
672	106	717	522	718	86	78	120	79	67	80
43	44	45	46	1	47	48	49	50	51	52	53	28	29	51	54	10	55	56	57	58	59	55	60	61	51	62	63	64	65	66	67	55	68	69	51	70	71	72	73	25	74
662	92	93	719	404	720	92	93	79	67	80	96	97
721	722	194	40	723	38	115	10	84	329
724	725	726	1	539	540	10	727	728	729	90
174	646	78	730	731	732	733	732	731	730	733	340	734	735	340	736	737	379	738	174	104	13	739	740	741	475	104	442	742	13	743	174	643	83	436	744	745	746	169	170	23	164	747	120	493	172	66	160	748	10	749
283	170	45	286	123	124	328	10	143	148	332	49	50	51	255	10	609	255	10	65	116	10	53	25	117	308	309	131	84	610	170	332	611	53	66	67	80	612	81	613	301	351	320	77	614	243	170	332	495	3	86	137	615	138	46	616
81	472	45	120	527	288	338	7	254	528	71	66	67	55	179	50	529	530	531	338	532	105	533	534	131	143	535	400	536	175	46	479	274	71	428	143	537	46	538	539	540	10	117	541	542	543	544	545	546	547	548	139	46
750	128	170	194	40	511	346	751	603	56	31	116	141	142	657	255	256	25	752	143	179	50	32	275	10
75	115	10	51	116	10	53	25	117	118	86	104	13	119	120	121	122	123	124	125	126
753	754	25	173	755	756	10	11	757	172	66	173	758	222	85	759
760	761	762	763	764	75	765	46	745	766	46	192	767	768	131	117	461	769	770	158
771	772	773	774	75	269	175	25	26	280	775	498	165	337	651	776	777	778	779	280	483	775	780	337	651	523	105	122
781	96	782	264	514	85	321	79	67	55	66	783	784	785	284	786	82	685
787	234	37	641	120	254	255	10	53	28	10	57	28	29	84	788	769	789	684	790	791	660
81	25	26	792	793	293	794	13	795	796	797	798
25	653	698	35	46	1	47	129	799	800
801	802	803	33	804	175	805	806	120	129	807	808	479	809	810
81	316	292	336	337	338	286	339	340	341	120	163	342	343	344	345	346	347	348	25	26	345	179	50	32	349	350	351	352	98	353	354	82	355	356	340	357	104	13	106	358	359	342	360	361	362	363	364	365	366	367	368	369	98	370	371	355	372	373	374	375	118	86	104	13	376	105	106	377	378	379	380	381	382	325	383	384	144	145	146
75	811	812	813	112	814	88	89	815	816	817	813	75	290	818	14	819	5	115	10	84	194	155	156	38
742	820	311	149	540	256	25	143	821	822	823	824	825	826	827	828	829	830	143	831	272	7	832	833	23	834	835	1	836	837	838	7	839	199	46	177	10	603	840	841	842	843	840	844	845	846	847	23	848	849	850
81	239	240	241	57	179	50	51	116	242	142	55	66	67	55	25	71	25	84	121	243	170	126	244	122	245	38
851	852	46	853	854	278	852	13	442	474	1	131	74
191	855	79	67	80
648	389	688	689	641	254	121	272	131	117	131	84	115	690	603	337	129	272	691	143	692	693	80	694	272	695	10	84	696	697
771	120	564	856	163	128	170	269	120	754	25	160	67	66	160	185	186	587	25	10	857
75	23	320	3	321	322	200	221	3	223	224	11	155	5	115	10	143	323	1	324	325	85	321
399	292	858	859	337	338	83	79	67	80	860	541	493	861	100	862
75	78	284	863	820	105	78	520	647	521	13	105	106	381	864	865	78	522	13	104	442	866	172	66	173
867	815	490	745	868	869	517	870	871	599	46	1	47	48	176	25	26
283	170	45	286	123	124	328	10	143	148	332	49	50	51	255	10	609	255	10	65	116	10	53	25	117	308	309	131	84	610	170	332	611	53	66	67	80	612	81	613	301	351	320	77	614	243	170	332	495	3	86	137	615	138	46	616
191	872	873	48	131	74	874	663	875
191	876	540	10	117	877	878	131	117
75	879	327	13	880	881	1	539	131	74	882	78	883	884	613	1	885	112	886	887	78	884	1
98	493	25	26	794	13	888	889	890
233	478	820	891	892	10	143	243	893	10	80	894	895	896	10	84	46	897	898	10	74
405	820	165	899	550	540	10	900	901	902	131	84	903	904	79	67	80	905	906	907	908	909	471	910	911	912	81	436	913	252	176	914	915	409	916	917	918	891	919
246	247	248	248	26	82	249	250	251	165	252	253	254	156	10	57	255	256	25	257	258	259	260	261	131	71	262	263	264	265	266	267	268
99	671	25	26	25	653	128	120	284	920	7	381	921	922	923	442	523	105	78
924	165	496	101	705	925	926	109	85	176	927	928	929	8	930	685	708	47	92	194	38	79	67	80
931	932	933	549	325	252	77	794	200	13	934	131	74
405	935	936	45	937	606	938	303	714	802	10	143	44	45	46	939	940	941	942	40	943	65	28	29	84
81	944	722	172	66	160	945	10	946	671	78	947	77	78	948	340	354	13	340	13	340	46
94	171	949	92	950	3	86	92	147	83	49	50	84
283	38	129	121	272	48	951	286	128	170	332	328	10	182	952	953	660	954	128	170	332	955	29	51	62	62	419	185	419	945	10	956	434	10	313	25	74	387	170	332	704	46	1	957	312	179	180	181	660	337	129	332	415	416	418	10	11
0	958	165	959	41	40	280	3	128	332	177	10	603	269	960	652	961	40	962	963	41	252	422	478	39	1	422
964	269	28	29	32	965	966	290	967	853
127	34	327	968	37	41	40	1	47	177	10	57	255	256	25	117
969	170	970	971	659	652	238	223	224	11
75	972	973	974	962	1	975	293	493	976	120	977	540	10	978	275	10	84
246	247	248	248	26	82	249	250	251	165	252	253	254	156	10	57	255	256	25	257	258	259	260	261	131	71	262	263	264	265	266	267	268
191	326	329	979	1	153	165	86	317	138	717	42	319	980	981	982	983	140	10	714	179	50	84	984	985	986	1	987
988	989	549	667	381	684	172	66	173
81	201	25	657	990	254	991	25	32	992	993	994	995	996	997	13
25	131	74	48	387	35	726	530	396	998	876	82	38	999	1000	211
18	1001	293	493	757	172	66	173	556
648	389	688	689	641	254	121	272	131	117	131	84	115	690	603	337	129	272	691	143	692	693	80	694	272	695	10	84	696	697
1002	7	539	12	1003	46	1	1004	10	57	1005	53	25	74	1006	1007	1008	1009
25	26	412	1010	280	775
907	1011	228	1012	787	239	163	1013	44	269	580	47	177	1014	1014	1015	57	255	256	25	978	116	10	1016	1017	84
75	495	3	86	38	1018	179	50	32	948	1019	90	464	465	466	1020	1021	815
405	334	406	261	407	408	170	409	339	165	410	411	235	412	413	212	46	138	8	414	194	38	415	416	417	180	418	10	419	420	10	419	25	117	375	421	422	423	13	138	424	41	40	254	37	40	425	39	40	426	177	10	57	28	29	51	427	428	160	62	62	419	66	10	429	376	430	1	157	396	211	431	432	433	194	3	241	57	58	59	182	185	419	434	10	313	25	74
1022	284	1023	47	92	1024	222	221	299	223	224	11	158	1025	660	1026	1027	1	217
1028	717	540	10	117	216	403	1029	293	1030	1031
750	128	170	194	40	511	346	751	603	56	31	116	141	142	657	255	256	25	752	143	179	50	32	275	10
1032	85	321	1033	1034	83	79	67	80
28	29	32	48	35	165	477	1035	444	39	40	424	1036	580	780	243	252
25	653	618	650	387	170	23	1037	148	308	1038	624	46	138	396	1039
724	164	1	539	130	860	493	430	23	1040	62	419	25	74
191	1041	1042	1043	35	852	46	779	177	10	603	1044	252	290	707	1045	46	1	47
66	67	351	1046	269	120	46	1047	1	34	176	1048
255	256	25	540	10	609	255	10	65	25	117	1049	710	23	1050	1051	1052	46	1	47
99	671	25	26	25	653	128	120	284	920	7	381	921	922	923	442	523	105	78
1053	662	884	44	45	1054	511	1055	28	55	1056	255	51	72	1057	25	74
1058	7	1059	1060	844	778	266	442	1061	25	26
115	10	84	1062	1063	1064	86	1065	1066	501	1067	1068	385	1069	94	1070	1071	1072	1073	98	1074	1075	1076	1077	155	195	1078
662	705	1079	23	389	711	80	1080	821	821	828	1081	100	107
18	703	79	67	80	1082	1083	338	337	1084	1085	120
81	201	82	83	25	32	301	1086	653	1087	335	1088	1089	1090
801	802	803	149	1091	1092	47	272	1093	810	1094	1095	1060	1096	845	165	1097	1098	269	1099	10	187
75	115	10	51	116	10	53	25	117	118	86	104	13	119	120	121	122	123	124	125	126
405	334	406	261	407	408	170	409	339	165	410	411	235	412	413	212	46	138	8	414	194	38	415	416	417	180	418	10	419	420	10	419	25	117	375	421	422	423	13	138	424	41	40	254	37	40	425	39	40	426	177	10	57	28	29	51	427	428	160	62	62	419	66	10	429	376	430	1	157	396	211	431	432	433	194	3	241	57	58	59	182	185	419	434	10	313	25	74
174	556	119	100	779	322	3	100	779	1100	493	172	66	173
492	1101	337	1102	105	106	941	202	78	1103	671	106	1104	1105	1104	1106	1104	1107	1104	1108	1104	1109	1104	1110	1104	1111	1104	1112	1104	1113	1104	1114	1104	1115	191	86	202	78	1116	1117	78	66	67	351	66	1118
492	316	120	1119	1120	94	1121	1122	1123	389	495	3	86	1124	815	1125	179	50	49	50	84
75	92	707	708	610	149	709	92	3	86	685	710	23	83	711	80	47	92	77	1126	243	170	332
1127	1128	1129	1130	1131	170	332	711	55	178	179	471	333	651	715	46	1132	13
66	67	351	83	292	336	337	338	46
549	1133	1134	92	1135	1	149	1136	888	83	493	391	591	284	131	117	961	3	1137	1138	1139	3	992	13
81	239	240	241	57	179	50	51	116	242	142	55	66	67	55	25	71	25	84	121	243	170	126	244	122	245	38
99	100	107	1140	475	1141	100	101	102	35	79	67	80
549	820	358	381	1142	100	131	84
648	511	649	650	120	284	651	82	652	13	176	25	653	654	26	655	82	656	13	286	116	141	142	657	179	50	32	82	658
75	92	94	1008	79	67	80	1137	40
283	170	45	286	123	124	328	10	143	148	332	49	50	51	255	10	609	255	10	65	116	10	53	25	117	308	309	131	84	610	170	332	611	53	66	67	80	612	81	613	301	351	320	77	614	243	170	332	495	3	86	137	615	138	46	616
81	343	344	25	26	218	345	493	46
385	120	284	623	604	280	211	1143	1144	419	1145	10	956	1146	178	11	42	1147	415	416	801	802	857	158	1148	1149	10	1150	1151	47	1152
1153	1154	1155	550	1156	530	1157	92	128	120	1158	711	55	66	1159	116	10	660
25	26	1160	1161	442	104	139	46	1162	1163	260	1164	1165	1166	1167	442	75	1119	1168	1169	276	1170	281	1171	770	46	260	1172
25	26	1173	625	261	479	46	138
191	38	498	66	1174	79	67	80	282	1175	1076	1176	1177
480	1178	625	1179	374	506	297	1180	286	243	252	1181	263	7	832	1182	1183	602	636	1184	1185	1186	1187	1186	1186	1188	1189	1190	1191	1192	1148	948	1193	1194	317	1195	1021	46	261	412	1196	138	46	1197	261	264	334	46	138	131	117
174	280	483	1198	282	3	321	658	723	38	115	10	143	583	200	221	299	3
1199	1200	128	46	1	47	512	584	1201	1202	1203	1204	34	1205	126	804	1206	239	1207	1208	86	1209	550	624	254	301	351	1210	10
191	1211	1212	3	34	131	74
25	32	1213	629	1214	149	1215	13	1216	1217	852	1218	1219	685	1220	1184	391	520	1221	1222	42	1223
283	170	45	286	123	124	328	10	143	148	332	49	50	51	255	10	609	255	10	65	116	10	53	25	117	308	309	131	84	610	170	332	611	53	66	67	80	612	81	613	301	351	320	77	614	243	170	332	495	3	86	137	615	138	46	616
81	1062	82	83	25	26	1224	389	138	815	1225	25	389	1226	1227
801	802	803	1228	1229	337	338	520	42	1230	1094	1095	612	120
191	1231	35	34	25	26	480	412	261	34	1136
75	35	244	1232	1	129	66	67	351
1233	1234	284	239	322	200	13	299	223	224	11	1235	1236	1237	962	1	4	5	1238	1239	1200	1240
1241	38	129	121	272	48	951	286	128	170	332	328	10	182	952	953	660	954	128	170	332	955	29	51	62	62	419	185	419	945	10	956	434	10	313	25	74	387	170	332	704	46	1	957	312	179	180	181	660	337	129	332	415	416	418	10	11
1058	239	1242	10	1243	1244	1061	86	1245	105	1246	1247	1248	1249	121	308	1250
405	820	165	899	550	540	10	900	901	902	131	84	903	904	79	67	80	905	906	907	908	909	471	910	911	912	81	436	913	252	176	914	915	409	916	917	918	891	919
191	1251	193	195	1252	1253	1254	462	1255	197	198	199	13	1256	79	67	55	1257
233	1098	120	1258	66	67	351	1259	10
127	1260	1261	284	298	308	309	1262	1263	1264	1265	1266	53	301	1086	74	1049	237	580	47	131	84
75	131	84	34
25	48	23	1267	1268	1269	1171	396	46	1	1270	280	409	131	74
1064	280	775	4	156	38	1271	200	1272	513	1273	1274	1275	1276	1277	10	143	513	194	158	115	10	143
28	29	32	1278	1279	1280	1281	1282	335	1283	1284	1285
405	820	165	899	550	540	10	900	901	902	131	84	903	904	79	67	80	905	906	907	908	909	471	910	911	912	81	436	913	252	176	914	915	409	916	917	918	891	919
233	165	118	86	104	13	496	474	1161	474	131	117	1286	442	328	10	143
75	138	158	407	14	3	513	157	628	5	115	10	143
233	165	118	86	104	13	496	474	1161	474	131	117	1286	442	328	10	143
353	556	800	1287	174	120	556	1288	128	170	332	1289	10	11	430	1288	447	170	332	1040	62	419	25	74
672	1290	1291	1292	816	1293	1294	1295	1296	104	75	277	445	1293	1297	1298	1299	101	816	737	445	289	549	667	202	1117	78	172	66	173	658	1300	1300	1301	1301	1302	1300	1303	203	1302	1303	206
18	1304	120	149	337	338	105	106	646	647	104	13	671	1305	269	172	66	173
75	1306	152	153	299	83	49	50	84	1307	538	513	1047	1	770	1308	1309	1310	200	1311
481	354	82	323	1312	1313	585	1314	160	588	224	11	1315
1316	1317	1318	129	940	5	38	115	10	143	1319	158	1	1320
255	10	25	13	1321	1322	13	27	75	1323	1324	239	1158	1325	1326	1	47	241	57	255	256	25	609	25	117
131	74	1327	238	403	1328	137	794	13	1	268	1329
75	269	270	121	271	272	273	239	44	45	1	47	274	53	179	50	51	275	10	84	276	277	278	1	279	280	281	282
549	1133	1045	1306	1330	710	717	493	120	77	1331	243	170	332	711	80
1332	1333	1334	1335	1	1336	130	131	74	539	598
742	422	921	808	260	1337	1338	1339	23	83	25	26
127	1340	7	634	13	1341	865	442	199	46	540	256	25	978	53	25	71	1342	117
213	120	1343	523	442	25	26	1161	474	1344	479	175	13	442	104	139	852	643	165	480	625	300	258	1345
75	1346	86	1347	192	1347	79	67	80	295	1348	852	46	358	381	1142
283	170	45	286	123	124	328	10	143	148	332	49	50	51	255	10	609	255	10	65	116	10	53	25	117	308	309	131	84	610	170	332	611	53	66	67	80	612	81	613	301	351	320	77	614	243	170	332	495	3	86	137	615	138	46	616
405	334	406	261	407	408	170	409	339	165	410	411	235	412	413	212	46	138	8	414	194	38	415	416	417	180	418	10	419	420	10	419	25	117	375	421	422	423	13	138	424	41	40	254	37	40	425	39	40	426	177	10	57	28	29	51	427	428	160	62	62	419	66	10	429	376	430	1	157	396	211	431	432	433	194	3	241	57	58	59	182	185	419	434	10	313	25	74
549	165	339	5	115	10	143	1349	400	279	1350	636	13	513	157	1224	1351	1352	1353	1354	823	824	1355	1356	1357	1358	1359	159	419	322	1360	1178	1361	1074	1362	1363	891	478	13	1048	280	38	375	7	1364	158	115	74	1344	769	1365	13	1321	279	38
924	165	927	928	929	1366	1367	1368	74	280	86	8	930	685	708	47	92	1	157	38	79	67	80
81	436	120	1119	83	172	66	173
43	44	45	46	1	47	48	49	50	51	52	53	28	29	51	54	10	55	56	57	58	59	55	60	61	51	62	63	64	65	66	67	55	68	69	51	70	71	72	73	25	74
564	1091	1369	934	1370	164	1305	1371	493	1372	1373	1180	286	340	153	1374	1375	182	1376	1377	10	857	651	815	895	1378	1379	10	1380	1381	1382	909	187	46	1	47	1383	1384	313	801	802	857
1385	1386	717	25	26
1387	378	1	89	35	704	1388	1389	1390	1391	1008	1392	103	378	1	1393	197	1394	81	208	325	1395	1396	1397	1398	3	615	1399	325	615	146	127	1030	82	164	1400	710	35	46	1	47	540	256	25	53	116	141	142	53	301	55	66	180	178	179	50	471
25	653	48	8	1401	86	1402	396	106	254	1403	1404	1404	1405	138	815	1406	496	86	280	775
179	50	1222	383	85	165	155	1125	3	86	138	1407	1408	1062	82	354	120	712	713	346	714	25	117	389	138	815	1125
81	556	1409	74	269	374	280	483	1410	165	1411	78	1	671	172	66	173	1412	149	1413
283	38	129	121	272	48	951	286	128	170	332	328	10	182	952	953	660	954	128	170	332	955	29	51	62	62	419	185	419	945	10	956	434	10	313	25	74	387	170	332	704	46	1	957	312	179	180	181	660	337	129	332	415	416	418	10	11
25	26	1414	479	13	277	13	495	261	480	1415	1416
75	49	50	84	1417	647	1220	374	201	104	13
283	120	234	1418	1419	335	1420	1049	237	41	120	122	540	256	53	66	10	1421	427	428	173	284	1091	722	1422	1423	335	1424	10	11
25	26	1327	23	171	1425	642	47	1426	1427	707	872
258	47	92	719	710	38	79	67	80
25	653	698	35	46	1	1428	47	129	430	805	1429	799	800	1430
1431	243	170	272	131	65	693	1432	1433	471	1434	122	528	117	307
1435	100	779	1436	493	1437	129	170	23	1438	3	1289	173	1155	550	308	1439	1440	631	3	172	66	173	100	779	860	556	1441	1440	631	3	172	66	173	46	1	47
1153	278	1442	6	126	435	234	44	46	1	47	1443	254	328	10	143	711	80	79	67	80	1444	179	1445
75	944	3	934	711	80	77	243	170	1443	579
127	34	1446	1447	46	1	47	435	234	83	35	171	1448	92	1155	311	149	254	328	10	143	711	80	79	67	80	312	179	1445
174	176	79	67	80	218	105	106	747	1449	92	137	86	78	1045	1450
79	67	1451	1452	580	78	1453	106	1454	1455	1456	92	1457	1458	1459	78	520	358	1460
75	944	3	992	328	10	143	153	1021	944	1461	464	465	466	38	1271	1462	1463	1464	38	615	158	138
191	3	234	711	80	912	142	660	328	10	660
75	3	992	49	50	84	153	195	1461	464	465	466	38	138	1308	1309	1310	200
191	3	86	1465	46	1	47	643	79	67	80	312	10	471	312	179	471
174	176	1466	928	929	298	1467	92	79	67	80	514	85	165	144	88	1468	321	3
75	3	934	49	50	84
75	944	3	934	328	10	143
500	126	128	170	157	40	131	117	79	67	80	387	170	131	74	696	471	1228
75	478	1048	430	170	409	1469	47	7	1470	1471	1472	860	1473	1474	1475	1476	1477	1478	1479	1480	25	653
81	98	92	137	1481	638	815	919	1482	1483	1410	400	157	1484	5	115	10	143	579	293	1485	854	165	158	1	638
576	1312	549	1486	1487	1200	955	29	84	316	493	35
127	297	387	120	272	243	1488	42	412	201	38	48	131	71	25	65	58	59	660
1489	1490	1491	1492	1493	1494	1489	1495	1496	202	144	1497	1498	1499	1500	1501	1502	1503	1504	1505	1506	1507	1508	1509	1510	46	1511	1512	1513	576	1514	1	1498	1515	1516	1489	1517	1518	1519	1520	1521	1522	1523	1524	1489	1525	1497	1498	46	1526	1527	1528	1526	1529	1530	1531	612	1503	1526	1532	1533	612	1534	1535	1536	1516	445	1537	1538	1539	1540	1510	46	1541	1512	1542	576	1514	1	1498	1515	1516	1543	1489	1544	1545	1546	1547	1548	1549	1550	1551	1552	1553	1552	1489	1554	1497	1498	1535	409	1555	1556	1503	409	483	930	1557	101	1558	612	1534	1538	1539	494	1559	1560	1516	1561	1527	1543	1562	1563	955	29	51	183	660	1564	477	1565	281	959	1453	1566	941	891	38
1567	1568	1569	1092	1570	10	80	335	78	845	1571	100	1572
549	1573	100	1574	129	1575	520	647	770	297	1576	381	1577	1578	852	46	1579	1580	105	442	266	1581	100	517	329	120	332	300	67	66	669	1312	1582	1583	581	200	743	852	46	1	98
127	34	1420	48	25	26	412	1584	718	1585	13	1586	852
1587	1588	1589	1590	401	1591	1592	433	584	1593	493	387	120	9	10	11
1594	1595	164	119	175	299	1596	1	1597	9	10	11
355	129	45	120	1598	23	415	602	1599	23	1600	601	602	1601	1602	692	693	80	1603	1289	946	1604	1605	411	1606	1607	82
1435	45	556	172	10	11	1608	79	67	80	152	1609	1610	279	40	1611	1612	628	1613	424
233	164	128	45	228	501	1614	937	1	279	40	79	67	55	67	10	11	1615	387	1616	11	337	129	45	1289	946
75	90	1617	1350	1618	941	200	322	580	581	299	1289	10	11	1619	1620	5	115	10	143
1155	550	1621	1085	914	1622	280	1623	1564	282	1624	11	171	82	579	122	120	299	711	80	1625	82
549	1626	5	221	1627	282	222	223	224	11	1628	1629	10	1150	1258	1630	86	1631	1632	1633	1634	1635	82
1074	1092	82	81	436	1627	1636	1637	120	272	658	572	1638	222	1639	13	1627	223	224	419	224	10	857	1640	158	1641	770
1642	769	1590	828	1643	1644	138	415	416	418	10	11
75	422	272	1566	1306	495	914	1627	223	224	419	224	10	857
98	962	1	1645	128	284	223	224	419	224	10	857	1646	1539	1647	1648	1649
0	1650	809	810	1651	10	117	1652	1653	692	693	80	1654	703	337	129	120	1655	1656	409	1197	137	13	1657
1435	120	284	1658	296	324	633	10	587	588	224	419	1659	10	1150	1622	245	3	1660	1661	476
99	664	1333	1662	9	10	11	1663	1	86	46	138	1664	217	671	269	418	10
191	1665	944	354	82	223	224	11
549	472	872	1666	415	602	42	1667	1668	401	1669	1670	1671	471	513	1672	1673	1674	888	853	200	1627	9	10	11
233	163	1675	1	1320	425	38	9	10	11	1675	1060	1676	46	1677	1678	1679	1680	1150	1681	277	163	1682
25	653	48	430	35	46	1	47
191	872	873	48	25	653
549	1683	396	46	1212	743	671	34	1684	25	653
931	932	933	549	325	252	77	794	200	13	934	25	653
662	82	663	664	579	25	653	3
405	820	165	310	550	540	256	25	900	308	309	131	84	705	1079	79	67	80	1685	170	908	909	471	123	124	912	142	660	1686	1687	1688	187	1689	1690	1691	693	1380	310	311	1205	312	1380
1692	739	308	309	48	25	32
25	653	48	35	46	1	47	1429	39	430
1693	944	1641	1694	1695	1236	728	729	3	48	25	653
81	1696	1697	1698	35	8	1699	1596	138	13	1700	281	9	10	1701
549	158	1025	660	329	1198	282	1702	1703	1312	3	282	115	10	53	586	10	587	1704	25	587	185	1705	11
549	916	888	83	1706	1707	549	316	35	1417	1708	5	115	10	143
233	643	9	10	1709	320	1253	5	1710	572	1711	10	857	222	1289	1705	11	3
1712	354	9	10	1713	101	920	545	1446	1596	1	1714	1715	1716	165	1717	1718	1719	112	15	138	1720	101	820	925	1721	138
158	329	163	120	1198	282	884	194	40	115	10	53	586	10	587	1704	25	587	185	1705	11	282	483	1722
99	1723	462	354	643	9	10	1709	1666	401	1235	1723	1724	1673	1148	1452	462	401	1725	718	462	1253
81	96	208	1726	354	815	138	12	9	10	1701	165	40	1727	281	1538	1728
549	888	1593	35	1729	1730	1731	624	1253	9	10	1701	6	138	4	5	13	765	12	1732	418	1733	946
75	6	46	1	47	512	284	128	243	170	45	1734	802	857	1224	281	1	157	152
549	324	1735	859	1736	888	48	35	8	1699	7	9	10	1701
1737	200	221	584	572	222	223	224	11	284	245	3	1738	374	1739	1222	1740	1741
75	493	120	284	221	584	1742	1677	1	1236	223	224	11
191	1743	1744	949	1745	1044	223	224	11	482	1137	1746	1747
75	1	808	129	1748	1749	1750	158	138	407	14	5	115	10	143
1751	47	1752	284	659	1753	1754	1755	337	92	7	4	8	40	177	1756	1015	57	25	71	255	256	25	71	179	50	84
1757	1758	689	1759	1760	1224	671	1031	339	165	1761	375	165	1761	1762	1640	280	211	1763	376	1411	1760	280	377	165	22	23	48	25	653	763	165	1411	1760	280	280	211	1640	842	1764	1765
191	1258	504	1766	194	3	165	1767	1768	328	10	182	185	186	184	1433	1769	11	8	1770	47	864	131	65	185	173	37	641	46	138	1771	918	891	1772	428	160	66	10	1421	427	11	1773	1774	1775	232	185	173
1776	1777	37	641	1	1778	1779	46	1657	79	10	1421	427	11	13	1170	281	1772	428	173	284	1224	3	717	1780	46	1	47	284
191	35	1781	48	131	74	1049	320	442	583	1092	1289	173
721	859	271	415	416	1782	1783	1421	1784	1785	946	1786	131	65	66	67	55	178	857	46	1	47	272	48	1787	128	284	1788	1789	1790	493
191	100	86	34	79	67	80	1331	46	1	47	284	1791	631	322	324
75	78	1792	1155	550	149	89	665	493	354	1007	614	47	1008	78	739	172	66	173
81	671	483	1793	46	1212	138	1289	173	79	67	80
492	431	337	433	432	1794	128	272	272	279	38	396	3	430	409	241	603	131	74
1614	652	13	1795	442	7	1796	498	871	747	47	92	164	131	74
174	176	37	40	1	153	1151	46	1	47	177	10	57	28	57	28	29	51	303	313	428	25	187
1435	45	604	280	86	49	50	51	25	143	1660	1615	387	45	692	10	313	1797	313	417	313	428	180	25	71	25	74	333	1798	1799	38	1800	1801	1640	3
1802	239	1803	25	131	74	185	1289	173
172	66	173	1046	292	336	337	338	170	332	120	166	167	168	169	1804	105	106	381	684	717	1805	381	78	708	92
191	715	1806	92	707	172	66	173	1745	1045	38
213	214	215	216	165	158	217	218	93	219	216	220	200	221	85	86	222	223	224	11	225	226	227	228	229	230	231	232	185	173
1807	222	1808	208	1809	545	504	1	1810	200	1811	299	222	223	224	11
120	45	1212	1812	271	45	1754	337	513	1813	941	580	411	692	693	55	1814	602	1815	44	45	1452	337	8	1816	38	121	243	170	332	1817	47	624	131	65	1818	660	1819	1820	45	1821	1822	45	8	1584	47	624	38	1823	1754	337	79	67	55	801	802	857
81	9	10	11	35	930	1596	1	46	38
99	1824	66	946	128	1825	1826	279	280	3	1827	35	1828	1044	1	1829	1830	35	1346	9	10	11
1831	38	79	67	80	192	193	279	211	1252	1253	1254	462	1364	1832	1833
721	287	282	513	1834	40	120	723	1835	38	115	10	84	329
742	337	338	1830	476	614	120	1119	289	172	66	173
75	1836	1279	1568	1837	1838	818	1839	1840	1841	1249	86	455	88	1842	815	1564	5	38	115	10	143
1843	1844	45	120	1845	7	297	337	338	1212	1846	1435	45	385	128	284	131	236	160	1847	67	66	160	1848	10	160	801	802	857	937	1	157	3
1435	45	131	236	160	67	66	160	1848	10	160	801	802	857	1849	7	859	337	338	119	47
174	817	1850	1	539	540	10	117	1851	1852	1088	1853	1854	1855	1	195	46	539
492	1856	387	337	129	45	415	416	600	601	416	1433	693	55	418	10	419	185	946	48	1857	1858	1607	1609
1859	45	131	74	1282	279	3	1282	425	3	164	1860	1861	652	86	852	13
800	228	501	1614	889	131	74
75	963	39	45	79	67	55	67	10	419	1814	416	600	601	416	1433	693	55	418	10	419	185	946	1607	1609	221	120	885	1862	992	41	45	1863	1864	230	1865
75	1866	1867	1	279	3	128	45	79	67	55	67	10	11	1868	1869	1870	628	1871	424	1755
127	3	1872	299	81	1312	1231	35	1873	321	1874	1875	1876	35	39	852	38	41	38	272	1877	10	57	255	10	1878
75	138	1879	25	26	1103	1	717	808
75	1	1879	1880	1881	808	25	26
174	13	1	1882	808	1883	1	25	26
702	152	1884	35	25	26	1885	1886	7	1887	1888	3	1889	1887	1890	1891	428	26	129	158	1892	479	156	10
233	44	1	47	272	1893	1894	1622	194	280	3	1895	1896	1897	343	713	56	603	959	41	40	177	10	57	28	57	255	10	117
246	412	129	269	25	26	269	1898	1899	1900	2	1901	1902	819
25	26	1903	1884	269	121	1	47	39	40	194	280	3
18	1008	389	794	13	889	25	26	354	1904	1	47
1905	1045	1425	83	25	26
81	667	1906	1907	1908	1909	120	528	117	386	79	67	80	658	1910	20	338	7	1911	1912	1913	1914
549	1915	973	335	540	10	117	1253	1916	1917	519	1918	1417	1919	105	1920
901	309	1049	237	580	1921	1922	131	74	1923
1594	511	1397	35	1924	1925	1333	120	636	13	641	1926	850	237	1541	779	641	13	1678	176	830	117	131	697
120	7	1927	280	38	400	1916	1928	280	1929	540	10	117	79	67	80
120	7	1927	1700	40	1930	280	1929	131	74	696	471
1931	1820	272	1932	338	337	1592	7	726	106	528	117	49	50	84	79	67	80	1933	10	471
648	82	83	131	74	280	38
120	7	634	243	1488	598	1651	10	117	115	10	84	692	693	74	1040	10	74	528	117
492	431	337	433	432	1794	128	272	447	272	279	38	396	3	430	409	241	603	131	74
750	1158	1745	46	1	47	1934	659	590	591	1	268	329	1935	769	580	411	1936	1937	1938	1939	158	1940	612	1941	598	1942	1943	808	612	191	1137	961	296	245	1944	235	5	115	10	143	1831	1777	79	67	80
1945	75	1831	1777	79	67	80	1946	196	962	139	13	1947	1948	192	455	90	46
742	106	46	1	47	163	1324	78	540	10	53	66	67	55	1949	10	1380
405	1049	237	619	620	1950	1	47	1951	267	47	131	51	65	80
233	643	79	67	80	1046	292	336	337	338	120	1952	533	7	381	7
1567	1568	1569	1092	1570	10	80	335	78	845	1571	100	1572
1953	1954	1883	873	111	1568	1569	478	1570	10	55	1955	10	857
81	944	163	131	74	1956	1957	660	164	1958	408	1151	1622	1959	3
191	299	883	175	1120	1960	1961	1962	1963	1964	1253	261	46	1	47	692	1965	693	55	25	74	1	46	1842	496	217	46	138
75	7	447	1	47	863	685	41	40	254	37	40	425	39	40	426	177	10	57	28	29	84	194	396	211	131	74
549	517	78	518	7	519	90	852	13	322	3	332	520	521	13	445	7	13	523	442	445	7	1966	1967	1968	475	105	106	524	100	86	172	66	173	525	381	526
283	38	129	272	48	659	1	47	1969	1970	1	852	46	157	38	1564	1	235	128	1	47	328	10	660	447	1	47	131	74
1692	1971	1972	1973	1054	1974	1975	1976	1692	1977	155	1978	1973	1979	1008	1980	1973	1981	1008	1976	1597	1982	1983	281	1984	1971	1985	1986	1987	1597	1988	1983	281	1989	1971	1985	1990	1991	505	1982	1992	281	1984	1980	1971	1986	1993	1322	505	1988	1992	281	1989	1980	1971	1990	1994	1995	1996	549	1672	1997	165	158	1998	115	10	1999	2000	1590	2001
385	284	1	157	3	47	2002	5	115	10	2003	2004	2005	2006	2007	447	46	1	47	845	2008	126	286	243	252	2009
2010	2011	2012	211	329	723	38	1927	280	211	913	37	40	1831	38	79	67	80
174	284	1222	128	46	1	47	129	269	172	66	173	165	166	167	168	169	170	23
549	1927	280	211	37	40	723	115	10	84	1831	38
2013	79	10	1421	748	66	946	164	211	1927	37	641	1085	120
492	2014	211	37	40	2015	269	79	10	429
723	38	115	10	84	287	282	513	1	279	40	120
723	1831	38	79	67	80	192	513	279	211	120
964	269	172	66	173	514	556	149	46	165	337	338	105	106	2016	647	104	13
549	1228	1	539	2017	540	10	727	442	243	252
81	39	120	46	2018	37	40	1049	170	335	696	25	184	427	428	160	66	10	429
25	653	1049	327	2019	230	805	387	120	478
2020	234	1423	120	284	2021	614	493	221	47	79	10	429
415	602	692	693	80	2022	10	11	1929	1530	1857	138	407	2023	442
724	329	1026	1423	120	120	2024	138	4	37	3	1772	1421	303	184	303	10	160	66	10	1421	748	10	2025	2026	1375	1150
75	2027	23	610	170	1092	2028	2029	2030	2031	2032	79	180	66	67	80
66	67	351	717	2033	321	2034	2035	46	1	2036	542	199	46
499	46	1	541	2037	79	67	55	179	50	51	25	84	623	128	170	2038	279	40
2039	2040	2041	2042	2043	2044	2045	2046	55	56	603	387	2047	131	2048	2049	45	937	1754	337	338	2050	598	2051	65	304	303	2052	158	692	693	55	428	74	2053	46	1	2054
969	2055	131	74	83	92	2056	128	332
81	258	2057	689	280	38	92	120	165	38	193	195	196	13	152	157	319	138	79	67	80
75	955	29	84	1049	120	860	92	243	252
191	299	2058	120	163	49	50	51	275	10	84
1387	299	2059	46	138	2060	318	319	138	92	93	707	115	10	51	66	67	80
867	299	1873	390	391	1	318	849	120	126	747	92	1738	2061	1328	389	1132	13	131	697
2062	194	38	193	46	195	83	79	67	80	2057	545	280	211	92	610	149	1632	2063	2064	2065
191	472	137	46	138	317	138	2066	817	209	138	815	2067	209	138	378	2068	86	196	199	13	1228	79	67	80
127	703	163	120	328	10	53	179	50	51	301	80	389	13	616	1125
867	131	74	389	120	23	1132	13
75	194	38	2069	2070	115	10	84	192	1894	155	156	38	157	317	138	319
99	83	115	10	84	280	211	46	2071	2072	1917	2073	92	120	1119	1137	1	153	46	640	281	723
492	431	3	1889	120	2074	2075	1	153	498	38	193	195	196	13	513	157	138	319	79	67	80
492	2076	545	280	211	120	92	2077	2078	129	120	23	2079	2080	280	211	530	170	2081	196	13	2082	94	1346	79	67	1451
75	85	321	1065	1066	83	79	67	80
75	493	93	94	98	83	79	67	80
131	74	1	852	46	542	2083	887	1412	1	2084
2085	23	739	442	2086	90	325	671	208	1850	539	442	860	493	2087	47	2062	769	2088	2089	115	10	143	2090	195	636	13	888	1321	539	1410
867	696	2091	693	80	2092	2093	158	652	1253
692	693	80	218	2073	2094	1200	2095	2096	2097	1253	88	89	769	2088	2089
131	74	280	38	815	2098	2099	2100	58	59	1327	2101	642	493	708	2102	2103	165	1335	1	1336	846
1032	280	483	23	2104	2105	90	156	456	1277	143	513	400	157	115	10	143	769	2088	2089	2106
