0	1	2	3	4	5	6	7	8	9	10	11	12	13	14
15	16	17	18	19	20	21	22	23	24	5	6	25	26	27	25	28	29	30	31	32	30	33	34	35	36	16	37	38	39	40	41	42	43	44	45	46	34	45	47	44	48
49	50	51	52	53	54	55	56	57	58	59	32	60
61	62	63	64	65	66	67	68	69	70	71	72	70	73	74	68	75	71	76	70	77	78	79	80	81	24	82	83	84	85	86	87	88	89	90	71	89	91	92	27	30	93	6	94	71	88	95	96	27	97	98	96	27	97
99	87	100	101	102	103	16	17	104	105	106	27	107	108	109	110	111	94	112	113	7
114	62	115	29	30	116	27	117	118	119	24	120	9	121	122	123
124	125	126	127	128	129	130	131	132	133	134	135	136	137	138	131	139	133	135	140	141	131	142	133	143	135	144	145	5	6	146	147	148	149	150	71	151	27	152	147	153	149	154	155	156	157	158	159	160	141	161	162	98	163	164	165	166	137	138	167	168	98	169	170	171	27	172	173	174	88	89	71	150	175	176	166	177	178	27	97	179	180	166	181	181	182	183	27	184	185	24	186	187	188	71	189	190	191	192	193	194	195	196	60	197	88	24	198	199	200	191	201	202	203	204	205	206	207	137	138	201	208	209	210	205	206	211	201	212	213	210	205	214	215	216	215	217	218	167	202	203	210	135	219	220	221	222	218	167	208	209	210	135	219	220	221	223	218	167	212	213	210	135	219	216	224	221	225	226	227	156	228	114	229	156	161	167	230	231
99	232	233	234	135	17	235	236	237	238	239	2	240	241	121	122	119	24	9	71	242	234	135	243	103	59	32	60
61	244	245	246	247	243	248	249	250	239	251	252	17	253	254	85	255	92	27	184
99	3	256	257	111	258
5	60	259	260	150	71	261	262	263
49	4	3	2	5	6	7	9	264	265	266	14	267	13	14
268	269	270	271	3	272	273	274	60	71	275
276	17	150	277	278	279	280	281	282	283	284	285	286	5	6	45	287	27	97
49	4	5	60	288	104	14
289	290	17	291	292	293	294	18	283	295	296	92	44	297	298	299	94	300	301	302	18	283	303	304	305	306	55	307	308	94	43	44	184
309	281	310	311	312	17	18	160	313	47	27	314	29	27	30	315	27	35
316	251	317	120	318	319	320	321	16	322	323	324	325	34	326
327	328	329	330	113	7	331	332	17	3
333	334	335	336	281	150	337	338	336	150	339	280	281	340	341	342	343	5	6	184
276	344	345	346	347	85	348	290	14	5	60
51	59	32	48	349	115	29	60	350	243	121	351	352	71	312
353	150	277	278	279	93	6	354	355	284	356	357	17
358	359	320	360	361	362	363	364	365	366	367	368	369	370	371	372	245	341	17	373	374	375	34	45	257	111	94	16	376	377	378	379	380	381	382	383	60
384	385	386	288	17	387	388	4	3	389	5	6	7
390	391	392	248	51	270	101	59	32	60	59	60
47	374	393	394	395	396	397	398	399	16	17
4	3	124	4	83	5	60	400	401	402
403	404	17	62	405	406	62	362	252	92	27	407	408	9	62	362	349	115	29	407	409	198	410	411	9	62	362	412	413	414	415	416	417	418	9	17	419	27	97	420	9	62	421	422	152
99	423	3	4	127	5	60	424	425	239	14	426	427	248	428	230	429	288	399	430	14	431	432
4	5	6	7	127	433	434	435	436
437	438	439	103	17	434	440	441	442	443	47	374	146	444	320	321	445	45	33	34	94
49	446	426	273	274	60	447	337	448
449	232	450	62	118	71	450	126	451	115	29	60	51	59	32	60
327	452	453	454	393	64	441	279	455	456	457	47	374	393	458	441	459	397	398	460	461	150	462	463	464	465	466	467
238	243	468	469	92	27	7
470	471	16	210	230	472	210	473	356	474	424	475	426	14	476	27	184	477	478	479	230	85	480	479	481	482	475	426	118	307	27	25	29	27	7
114	450	62	121	483	27	297	351	484	485	486	487	488	489	17	115	29	30	31	32	48
238	243	490	335	278	491	5	6	184
276	492	234	135	17	477	87	493	450	24	135	494	88	89	71	95	495	150	496	150	335	278	160	497	93	6	184
498	499	234	135	17	387	500	501	502	71	503	246	337	5	6	375	34	375	504	27	467
61	405	505	71	450	160	313	29	506	30	28	29	60	507	62	508	27	509	510	27	509	511	27	512
513	514	515	516	517	518	519	278	279	335	520	5	6	184
0	521	404	522	71	105	106	27	107	523	105	524	27	184	525	526	527	135	528	521	529	112	530	531	532	113	7
533	27	94	270	12	3	266	534
535	536	17	3	253	4	5	6	7	438	537	85	538	424	475	14	539
437	87	540	541	118	542	543	104	150	544	24
545	546	283	547	17	548	446	272	273	274	549	4	5	550	551	270	552	553	554	555	556	557	556	558	559	13	52	446	560	561	562	563	426	564
565	551	87	345	5	60	83	566	567	509	568	569	570	571	572	103	573
99	83	574	575	576	560	577	283	397	398	465	466	578	47	374	146	235	579
580	5	6	7	581	4	582	583	584	585	586
99	587	588	589	590	3	591	592	593	337	594	391	499	595	17	596	257	541	3	597	118	315	274	598
15	3	599	4	5	60	600	601	602	17	3	272
49	603	604	605	606	607	608	609	610	611	612	613	614	499	615	461	616	257	111	258	617	618	619	620	621	622	61	616	387
268	623	12	624	625	109	626	627	320	628	492	629	630	110	111	94
47	374	393	118	397	398	631	632	16	17	633
634	635	636	637	638	639	640	71	641	399	14	642	643	642	12	244	644	16	17	645	5	6	45	34	184	646	230	647	648	649	103	650	651	652	29	653	641	230	654	655	656	593	657	337	658	659	24	660	426	661	24	662	663	664	665	666	65	667	320	321	24	668	337	659	24	245	669	14	670	671	405	24	337	658
276	672	243	540	541	673	674	426	150	544	24	675	150	344	676	677
678	49	679	17	593	283	4	5	6	7
678	127	680	533	27	94	681	682	683	684
99	4	272	5	6	7	9	264	479	685	267	14
498	486	232	539	488	487	489	17	686	687	24	65	115	29	30	31	32	688	116	689	35
199	690	2	691	71	692	245	71	503	693	135	17	694	695	696	29	506	697	45	34	698	652	93	6	94
49	150	104	150	699	700	701	702	613	4	5	60
28	29	598	703	598	269	704	705	24
99	706	707	708	12	3	4	709	710	711	339	712	590	57	713	83	5	6	714	93	60
715	716	717	530	2	718	719	720	721	65	722	723	724	725	726	727	29	107	92	44	297
4	3	728	679	14	729	283	4	5	30	93	6	7
730	83	731	4	560	732	733	734	13	735	5	6	7
736	737	230	337	104	738	713	5	6	94	446	83	273	274	60	424	475	337	85	13	14
349	115	29	60	2	192	71	312	9	739	740	741
742	57	126	743	744	745	746	747	283	748	749	5	60
276	266	534	750	12	680	272	533	27	94	733	751	13	3	600	752	17	5	6	7
327	753	754	755	756	150	757	758	759	248	547	14	5	6	7
276	529	232	450	350	488	135	17	59	32	30	688	760	29	60	761	503	59	32	60
762	763	487	763	764	87	328	93	6	393	487	266	763	592	71	95	765	105	24	766	767	768	769	18	770	150	771	772	773
774	405	775	776	777	134	778	779	780	87	137	497	93	6	146
446	2	491	315	274	598	272	288	781	14	9	85	13	426	14
327	399	290	14	4	83	5	60	782	269	12	17	52	783	77	784	14	785
437	92	27	184	786	787	788	789	787	54	126	24	790	788
791	792	49	4	5	6	7	793	794	795	796	3	600	709	57	12	17	3
252	92	27	184	252	406	399	251	83	24	9	797	798	87	799	593	71	337	71
99	337	593	800	801	337	788	802	295	471	92	803	804	93	6	805	806	807	48	808	809	810	270	811	812	813	471	814	337	788	815	812	377
345	816	817	818	816	755	819	820	759	821	4	793	547	254	5	60
327	328	466	822	823	824	825	286	826	827	828	829	830	461	404	831	457	47	374	393	832	833	286	834	770
276	835	272	399	17	836	837	232	350	838	118	59	32	60	487	17	65	839	840	841	573
842	843	112	503	18	844	845	16	846	337	376	92	44	297
49	847	4	123	848	751	13	849	489	17	5	60
99	850	266	534	3	783	533	27	94	851	17	852	853	7
540	541	847	854	24	544	340	256
855	856	857	265	858	270	859	14	13	860	5	6	7
276	417	489	17	861	446	272	2	288	266	859	14	273	274	30	274	27	688	315	27	97
862	863	110	314	257	111	94	864	626	865	866	520	867	868	869	870
390	486	31	32	598	871	51	426	119	98	9	11	605	150
540	541	615	729	288	859	872	873	874	802	71	872	256
875	876	108	320	321	877	878	879	622	880	773	881	527	882	883	884	624	885	110	111	25	886	887	888
6	93	393	270	889	95	71	765	890	664	337	135
730	891	733	734	13	849	5	6	7
892	893	312	150	488	894	895	17	89	160	313	315	27	568	896	27	35	342	285	5	6	45	897	27	568	898	27	35
899	62	900	901	902	523	903	904	273	905	716	27	485	871	272	906	907	908	771	909	910	911	24
99	406	272	252	92	27	60	912	913	9	272	83	24	9	87	914	915	95	916	622	917	5	6	94	918	87	335	278	88	919	920	104	921	922	27	485	923	924
49	925	283	926	18	446	272	273	274	60	448	927	596	257	7	928	627	92	803	929	930	931	61	18	932	933	934	935	230	9	71	641
936	937	900	938	16	939	64	778	940	344	16	937	941	328	942	71	943	95	944	16	5	6	146
945	283	946	947	678	948	949	126	272	816	950	951	952	480	270	953	267	954	361	266	534	533	27	152	955	956	5	6	957
958	230	405	959	346	960	24	928	627	92	27	184	961	962	963	365	964	965
966	651	27	485	967	968	14	846	593
327	2	969	3	615	5	970	568	315	274	30	971	27	30	972	7
973	974	51	270	59	32	60	243	975	976	118	451	272	115	29	60	396	977	978	16	24	979	980	981	982	983	283	984	286	479
985	248	986	987	838	988	248	492	989	990	257	111	991
99	992	597	847	993	244	643	994	995	604	112	996	65	997	362	432	998	999	92	44	696	1000	27	152
4	5	60	600	17	3	733	582	83	339	712	13	3	5	60
199	359	18	1001	592	1002	24	16	769	530	9	1003	286	1004	106	27	107	1005	965	1006	27	467	1007	111	146	1008	530	9	320	321	445	146	676	456	150	1009	374	146
1010	18	234	135	17	1011	1012	489	17	651	1013	375	695	1014	696	1015	1016	29	44	696	716	1017	314	44	27	1018	1019	27	485
1020	398	1021	242	461	279	135	733	1022	631	978	1023	14	373	374	146
985	877	994	627	880	520	1024	1025	1026	593	1027	722	281	882	520	1028	248	400	402	283	12	969	271	3	5	970	568	315	274	30	93	60
390	486	244	283	1029	1030	503	525	1031	727	27	314	506	44	314	716	27	485	1029	1032	376	92	44	297
498	103	17	440	399	62	1033	1034	495	771	160	141	1035	1036	137	1037	397	1038	538	1039	27	1040	1041	230	1042	576	1006	27	146	1043	320	321	445	146
276	529	1044	3	272	273	274	60	491
93	6	258	93	6	541	1045	1046	57	3	1047	1048	1049	1050	12	833
61	405	1028	1051	1052	1053	112	283	1054	500	812	296	1055	1056	1057	1058	1059	14	1051	92	44	297	1060	1061	1062	845	283	1054	1063	65	828	863	1064	1065	1066	1067	1068	398	135	85	607	481	1069	1065	1066	396	1070	1071	461	397	1072	1073	1074	1075	1076	1077
636	679	1078	12	127	4	5	60
49	1079	1080	1081	1082	1083	5	6	25	93	6	1084
99	1085	1086	283	556	150	373	374	146	108	456	1087	1088	726	1089	1090	1091	60
1092	1093	18	16	1094	9	1008	1095	1096	1097	696	716	1098	1017	485	529	18	1099	256	65	13	1100	14	994	1101	1102	1103	34	25	506	44	45	1104	27	7
276	968	595	14	1105	27	1106	847	1096	1107	1108	486	438	902	523
1109	62	102	1110	1111	1112	1113	540	541	47	1114	598	24	845	489	1115	341
1116	1117	1118	1119	1120	1121	1122	1123	1124	1125	1126	1127	1128	1129	1130	124	1131	880	1132	1133	1134	966	1135	1136	876	880	1137	1071	110	27	568	1138	152	624	1139	17	110	111	94	296	1140	103	618	16	880	14	246	337
449	104	87	626	494	913	92	27	60	278	279	5	6	184	89	150	273	27	35
199	1141	18	118	16	17	286	89	9	272	160	141	495	523	272	137	138	1142	9	62	137	497	6	93	375	257	111	146
1143	99	399	2	979	1143	752	944	17	253	252	92	27	184
1144	55	1145	11	344	1146	373	374	375	93	6	184	772	1147	1146	727	27	485
1148	835	17	626	1087	1149	1150	1151	1152	853	308	25	257	111	94	103	1153	880	773	1154	1155	1083
1156	17	3	127	1157	1158	1159	27	35	4	5	6	7	446	1160	27	48	1161	739	479	859	14	348	14
1162	1163	149	1164	1165	734	24	1166	337	135	1167	1168	1169	1170	504	1171	93	6	1172	784	79	1173	1174	1175	1176	1177	275	784	1178	288	234	1179	14	679
99	1180	3	272	17	270	811	1181	248	1182	12	3	782	4	5	30	93	6	7
875	1183	5	60	582	264	346	1184	337	85	669	14
238	597	1180	489	17	373	27	314	695	27	45	29	27	184	951	632	1185	924	50	1186
276	529	232	62	118	71	450	115	29	30	31	32	60
1187	1188	719	112	283	595	251	395	651	1017	146	373	27	485
1189	1180	399	17	362	451	115	29	60	51	59	32	407	977	1190	24	980	210	982
1191	18	17	1192	1193	1194	1195	607	1196	1197	1198	787	135	112	279	1159	93	146
1199	654	656	593	779	872	1200	1201	540	541	1202	1203	1204	783	737	1205	1206	1207	1208	71	872	1209	243
446	3	99	271	3	272	273	274	60	361	1210	1211	656	104	105	593	17	1046	546	273	27	97
1212	1213	1214	609	1215	1216	1217	1218	651	27	485	1219	944	16	676	978	1220	1221	112	1222	944
1223	337	49	4	5	6	7	782	1224	17	270	52
390	486	232	62	521	71	1225	245	1226	283	350	75	1227	1006	27	146	740	741	59	32	30	28	29	30	1228	1229	60
1230	112	1231	1232	17	445	146	1233	613	1234	456	104	105	17	373	374	146
4	52	783	5	6	804	93	60	1235	14	9	1236	1237	937	859	337	16	85	13	14
199	1238	1239	489	17	1240	1241	1242	92	44	297
1243	471	733	1244	269	953	17	55	729	5	6	7
5	6	94	503	9	489	17	270
1243	499	967	1031	595	14	1245	44	1246	1105	27	1106	1247	968	14	1248	1249	1250
1251	1252	272	102	373	27	485	607	481	771	24	1059	376	722	1253	337
715	503	62	362	29	44	297	272	1254	1255	1052	1256
99	119	1257	1258	1259	1260	1261	841	1262	827	1263	3	424	350	1264	541	1265	270	272	1266	832	1267	1268	1269	119	782	577
238	621	1270	821	4	1271	5	60
199	769	426	540	541	1272	397	772	87	1273	1274	329
1275	16	17	494	234	135	17	160	313	695	27	485	489	17	1276	27	652	29	27	7	626	253	399	17	160	313	44	29	369	695	27	314	1277	27	152	1278	737	404	1278	17
540	541	118	122	1279	854	24	544	24
1280	1281	89	251	1282	1283	230	312	1284	16	17	1036	312	160	313	93	6	45	897	27	35
238	1285	12	17	55	832	95	71	135	1286	1287	24	106	1288	1289	369	47	374	375	34	45	257	111	94
1290	1164	1291	1292	12	286	479	782	4	5	60	1293	590	446	273	274	60
1294	252	92	27	184	239
99	100	93	6	541	264	18	126	1295	816	1296	1297	13	83
99	490	335	278	279	491	93	6	5	6	184	773	234	135	17	489	17	55	1298	27	568	898	27	30	287	27	97
276	666	1299	256	92	27	7
1300	1301	1302	599	846	1303	621	1304	1305	1306	968	1307	1097	696	716	1098	1017	314	506	44	45	47	27	45	46	34	184
99	835	1308	540	541	1309	1195	1310	1311	1312	24
99	490	1313	1314	397	398	373	374	146
1199	602	17	127	4	5	6	7	1315	1316	500	1317	13	1318	1319
1320	1321	784	1165	234	135	17	489	17	1322	1323	1324	1325	1326	257	804	315	274	30	34	698	152
199	586	1327	1328	1089	979	24	1329	591	397	479	1298	27	35	397	441	373	27	94	772	87	113	7
1144	1330	17	135	17	62	709	977	450	350	17	617	1331	27	97	59	32	60	115	29	60
99	83	63	577	9	951	769	609	87	494	88	89	71	95	495	150	496	150	335	278	1159	93	375	93	6	184	622	762	763	62	847	787	24	494	505	62	1332	1333	152	507	62	106	27	369	897	1334	652	1335	1336	25	510	27	97
390	1337	62	1338	1339	335	336	150	1340	461	1312	150	426	1338	1341	1342	1343	65	1344	863	5	6	45	299	60
1345	885	1346	503	1347	110	111	25	1348	1349	94	457	506	258	1350	1351	729	1352	1353	1347
276	666	1354	754	335	278	5	6	184	98	335
1355	270	1356	51	1357	121	977	741	122	607	24	135	483	27	314	28	29	30	31	32	60
276	279	1358	471	1359	4	1360	13	1361	328	93	6	541	1362	1363
49	1364	248	1365	1059	426	1366	1367	1368	1369	1265	1041	272	540	541	1370	573
1371	1372	580	5	6	7	436	1360	387	13	849	1373
276	529	232	450	62	493	135	17	51	59	32	30	31	32	48	349	1374	29	60
276	529	618	5	6	1375	1376	1377	265	12	126	782	1360	339	13	3	346	959	1378	769	747	248	1028	13	1379
99	1380	1381	1382	1381	1383	1384	1385	1386	1387	1388	1389	1130	1390	1391	1392	614	1393	1394	1395	1396	1397	1398	1399	1400	614	1401	132	1394	1402	1403	1404	1130	1405	1130	1406	1407	1408	1409	961	1410	1411	1412	1413	124	257	111	1414	1415	248	1416	1417	1418
199	481	2	783	210	1312	24	919	607	1419	481	112	727	27	314	29	506	697	45	34	698	152
4	5	60	1420	1421	1422	1157	1423	1424	1159	27	48	269	337	192	479	85	426	1425	14	4	1272	397	480	464	1028	479	14	1157	1423	1426	937	1427	9	953	772	1428
855	1429	618	101	5	6	1084	1430	1431	1432	12	71	503	16	17	1433	1434	135	1435	17	122	17	1436
1191	330	1437	1438	680	3	782	533	27	94	762	1439	1440	1441	1442	1437	1443	1444	269	1155	1445	350	573	1343
199	529	618	1446	27	152	335	1447	16	1448	471	503	1449	922	27	485	503	1450	108	1217	1451	110	111	94	772	1452	1453	1454	373	27	314	44	27	485
0	481	482	1455	9	2	1456	27	804	93	1457	93	1458	93	1459	60
47	374	393	119	398	1460	560	9	788	1461
99	1462	473	255	1463	1464	1465	1466	1417	1467	1468	1469	1466	1417	1467	1470	1471	9	1467	1472	1473	1474	9	1467	1475	1476	1465	1472	1477	1478	272	437	438	1479	1480	1481	1467	1482	1241	494	266	763	1483	103	71	1484	245	257	111	258	1465	1485	1486	1487	52	283	1488	1480	1489	1490	1491	1492	1493
51	59	32	48	349	115	29	60	350	243	121	351	352	71	312
4	1369	1494	5	60	1495	730	1346	891	1081	621	891	1496	1497	1297	13	628	5	30	93	6	7
917	5	6	94	1498	87	335	278	920	24
49	1499	747	248	1028	270	294	911	251	1500	177	1501	1502	86	788	302	13	52	1503	1504	1505	1506	1507	1508	1509	1510	14	859	283	745	1511	273	274	549	450	135	1501	426	14	660
349	115	29	60	2	192	71	312	9	739	740	741
114	62	16	17	63	275	24	115	29	30	31	32	60
1512	1513	1514	1515	1162	1516	149	89	1517	771	997	1451	978	397	398	1518	371	372	38	1419	1139	1216	503	24	831	373	374	146	1519	95	337	24	1139	1159	93	146	1520	977	1197	607	1521	845	1522	1523	1524	146
582	5	60	238	783	858	480	14	1525	1526
1527	1528	24	1529	1530	764	83	1531	1532	560	397	121	122	115	29	60	1533	210	560	71	1534	1535	1536	279	1537	1538	1539	1540	1541	1542	1543	1544	1545
276	529	1546	288	330	520	1028	256	348	669	520	283	12	127	1547	874	1474	210	680	533	27	94	1548	1549	3
327	1550	92	27	184
1551	490	977	9	350	1552	119	920	1184	499	1553	1058	1059	645	487	232	18	761	105	59	32	60	16	17	115	29	30	31	60	286	829	1554	59	27	30	31	48	1555	1256	1556	1114	60	71	1557	658	1558	1559	27	48
1560	252	1004	1561	1562	1480	84	283	451	232	122	115	29	60	1480	1563	1564	352	65	1565	341	1566
540	541	118	87
1567	267	489	337	405	1058	1059	376	1568	786	1569	1570	14	92	44	696	44	27	485
678	62	1571	14	679	9	593	551	812	492	1572	485	1549	593	337	679	1573	487	492	927	596	257	804	315	274	60
5	6	94	503	9	489	17	270
1261	1510	337	279	104	105	1503	1574	1530	1575	1576	1577	1578	997	86	337	788	273	274	60
855	1579	2	1380	404	894	1265	55	1580	1364	251	55	54	1581	1582	1583	1584	1585	1586	509	1587	1588	12	1589	57	1590	17	55	679	359	127	1078	1591	83	1592	1593	1594	1595	1596	1597	1346	1598	271	272	273	274	60	4	83	5	1599	1600	450	55	52	828	251	1601	1602	55	54	1581	57	509	1603	1604	1605	898	97	1606	1607	1334	897	905	897	1608	1334	1609	1610	251	82	83	1591	13	1611	233	1612	1529	1613	270	1614	679	860	1366	1615	1595	1603	1529	1616	1213	54	55	82	4	1617	83	1618	13	860
1619	118	786	527	405	1620	1540	135	373	27	94	104	150	113	804	1621	27	60	772	1622	1623	1624	1625	1626	1627	1628	1627	1625	1625	1629	1630	1627	1631	1627	1632	1627	1633	1634	1635	1636	1627	1637	1627	1638	1639	1640	978	17
238	812	2	540	1641	47	1114	1642	18	1643	17	1644	335	1645
276	1646	272	243	93	6	354	607	278	279	1647	1648	1649	24	334	1650	279
1651	900	938	16	939	64	778	940	344	16	937	941	328	942	71	943	95	944	16	140	313	93	6	146
49	1364	210	127	494	239	230	816	135	71	478	1652	1653	783	269	17	55	4	5	6	7
1654	288	609	593	385	12	127	1655	1656	1657	13	3	243	1658	12	127	1442	533	27	25	1659	1660	1661	35
276	100	104	539	250	1264	541	1265	272	1662	1663	500	52	782	1664	1665	1666
238	1667	1668	272	5	6	184
540	541	1669	1195	426	1197	1670
289	12	3	230	680	533	27	94	4	5	1671	1672	814	1673
1674	729	1675	283	4	5	60	1297	13	849	337	104
1191	65	1676	112	1677	498	9	769	530	487	477	135	1678	1679	405	1680	1681	1682	27	369	1150	381	1683	1684	369	1685	27	369	1684	369	1686	27	375	453	454	375	6	93	375	1687	27	375	257	111	375	47	374	375	1014	695	696	1688	1689	696	29	44	696	1690	27	297
1010	103	471	17	727	29	369	47	27	314	716	1017	485	1012	1691	1692	234	335	1691	1197
1693	62	1273	704	560	1694	292	1695	1696	137	138	1697	1698	160	313	1699	497	1700	27	45	1701	196	30	1702	27	30	896	27	97	1703	137	497	257	111	146	780	140	313	1699	497	93	6	375	1704	27	152	1705	151	27	152
276	499	1706	632	17	633	1201	47	374	393	1202	397	398	787	1146	135
61	1707	613	1708	1709	71	880	337	1710	17	104	464	1711	235	273	274	60
1144	55	9	112	503	727	27	25	29	44	696	1000	27	152	320	1256	445	314	1690	27	485	1001	1712	1713	17
1714	71	105	234	135	17	1715	1716
49	891	1717	5	6	7	1718	1719	1224	17	593	1720	1721	745
125	1722	118	31	32	598	1723	242	119	24	561	1724	17	62
276	666	71	692	1094	350	1725	1726	1727	1728	1729	696	716	1098	1017	314	46	34	25	506	44	45	1104	27	7	62	1339	693	1730	256	1556	46	34	7	1731	62
1191	17	55	362	110	111	375	44	27	314	93	6	1732	405	1733	1256	71	275	1734	464	1735	82	1736	1737	1738	1739	1740	1741	1742	1743	1744	124	1745	1746	1747	1146	87	1748	16	275	1749	1303	953	1734	937	1364	873	87
1300	65	1750	1751	362	1069	1521	80	1733	1146	1752	529	17	440	1753	1041	539	64	256	1146	373	27	314	1754	34	568	1755	47	905	1756	27	1757	1289	27	45	1758	27	512
29	44	823	967	1082	112	692	773	693	135	17	812	500	794	1759	99	692	112	1760	912	337	1761	1762	112	1051	65	1763	1764
238	2	1765	1357	104	1766	1767	446	272	3	62	4	783	286	264	479	5	6	7
1010	18	234	135	17	1011	1012	489	1768	1769	146	373	27	485	727	27	485
99	1196	17	3	395	728	1770	905	17	1771	271	395	273	274	60	1753	1772	3	9	13	860	607	17	104	937	1711	426	1773	14	1224	1578	426	14	1774	270	337
99	272	4	5	6	7	9	264	479	685	267	14
338	278	1775	1480	828	104	917	5	6	94
49	4	5	6	7	793	1776	796	3	600	709	57	12	17	3
238	346	782	243	891	782	1377	1369	4	782	5	6	7	1582	1583	1777	1778
1010	17	55	1779	312	71	1780	108	978	944	16	445	146	1781	112	1691	520	1782	312	1783	937	1055	1784	27	152
99	423	3	753	1364	425	239	14	1078	642	882	283	4	5	1785	389	729	288	1786	753	235	439	1787
855	1788	1568	1789	693	135	17	270	1790	27	1791	1792	337	16	1793	1794	27	1791	1476	112	243	16	120
268	1795	1796	1797	1798	120	1799	1800	55	790	1801	1241	1802	5	6	1803
1804	1578	282	446	272	487	273	274	549	352	1805	1806	1575	337	560	1807	426	14	1575	1610
49	679	251	57	343	1343	283	1808	12	126	782	5	6	7
93	6	354	282	278	279	830	1543	65	9	538	230
730	4	127	582	1809	264	265	177	584	1810	1809	481	1811	1812	288	595	17	489	17	5	6	7
99	337	24	50	283	266	763	62	106	27	369	1335	1336	94	232	62	1374	29	30	31	32	60
1813	272	337	3	446	272	273	274	60	1563	619	13	14	104	1814	1248
1815	1219	248	586	471	43	27	696	1816	1817	1818	45	29	506	697	184	1819	1514	1515	1162	1820	149	14	1821	83	230	1364	1822	1823	1824	267	14	642	643
437	621	1825	1826	854	1827	1719	1828	4	560	5	60	1829	1830	1004	3	83	859	661	1765	1499	1262	500	399	17
327	328	266	534	3	18	680	533	27	94	264	479	1505	426	1831	1832	1833	480	1834	1021	1835	1836
99	1837	1838	1839	590	12	337	3	62	4	5	6	7	1840	446	272	1210	1211	1841
5	6	7	1842	1252	680	783	269	14	248	762	1439
252	912	406	272	92	27	60	83	24	9	797	798	87	494	914	915	95	1843	622	917	5	6	94	1500	104	283	1844	95	88	89	335	278	88	919	921	922	27	485	923	924
47	374	393	1845	397	398	845	1497	398	14
446	273	274	60	1078	679	783	346	1846	1847	1848	776	669	14
61	264	1517	1146	277	335	336	5	6	184
327	3	283	4	3	1849	272	9	1850	538	245	339	712	13	546	5	6	1375
93	5	6	7	245	891	345	751	13	849
1851	118	31	32	598	11	242	150	119	150	561	1852	761	503	62
99	859	14	679	283	4	793	5	6	7
49	271	3	272	273	274	60	71	275	269	337	642	85
99	928	627	1853	92	27	184	1765	426	14	1854	24	1855	450
1856	276	1857	12	16	17	1724	499	335	1858	1859	1860	1861	1862	499	1863	1864	494	1865	376	1866	34	97	17	1867	59	1868	97	1869	17	1870	1871	97	376	1872	1873	1874	47	97	17	1875	1876	1877	1878	1005	94	1879	16	1880	1881	1882	35	1883	65	1884	1885	1886	1887	666	1437	1888	1113	1889	399	17	1890	1891	1892	1893	905	1894	509	1895	1896	499	16	17	1897	520	1193	1898	1899	1112	520	1900	885	373	44	48	1901	65	1902	1877	1903	65	1904	97	1083	1905	1906	110	111	25	886	887	1907	1908	1909	1910	1911	1912	1913	801	1914	65	814	1915	65	1916	1917	1918	1919	1920	1921	1922	112	1923	809	16	17	645
268	1540	477	62	127	361	1924	337	3	1028	270	337	669	337	271	272	273	27	97	4	127	5	6	7
1925	100	232	450	350	16	17	838	101	59	32	60	115	29	60	291	234	135	1924	17	487	1924	489	17	1926	399	17	530	1927	3	1155	977	350
51	59	32	60	59	60	1928	1929	1838	283	399	17	395	1317	1519	573	1930	296	1055
4	5	60	1931	3	389	12	17
1020	18	1932	17	397	456	607	1933	279	373	374	375	1934	422	94	1935	1936	9	18	1937	1938	696	453	454	314	1939	27	314	1940	27	804	1941	7	607	279	1942	1943	455	1944	1945	49	1946	1195	397	455	112	607	1196	279
1947	1213	924	310	607	1948	112	377	17	658	1558	651	1017	375	29	44	696	29	1949	1950	45	1951	1952	1953	652	1954	27	25	1955	27	7
1243	18	405	507	763	1956	27	94	110	111	146	1957	210	577	1958	778	24	135	1959	135	721	1006	27	146	977	350	59	32	60	115	29	60	1960	1229	60
327	894	1961	1962	17	502	753	1963	1812	57	573	1343	283	345	1964	5	6	7	3	230
1136	12	1965	127	17	4	5	6	7	1966	17	3	1967	127	1966	1442	3
93	6	354	491	335	336	335	863	279	17
1968	3	901	547	57	3	782	4	5	60	1969	538	1970	337	85	13	859	475	1971	49	352	4	83	758	150	1972	475	118	14
1144	18	17	1900	885	1973	1974	1975	1976	328	1977	112	1978	621	24	1900	1139	1979	337	1980	1981	1982	369	93	6	146
276	1096	487	1983	14	574	1115	270	651	27	314	1984	27	94
199	359	18	1001	592	1002	24	16	769	530	9	286	1004	1006	27	467	1008	530	9	320	321	445	146	676	456	150	373	374	146
238	1985	315	274	598	246	590	126	272	14	643	808	784	492	1986	1987
1290	101	272	1988	680	533	27	94	279	1297	13	656	12	3
34	393	108	1989	1990	108	321	1991	262	520	1992	337	1053	24	1993	38	108	980	1474
1135	1561	93	6	541	1994	853	541	1995	1996	1997	127	533	27	94	17
580	5	6	7	581	731	4	732	733	734	13	735	1998	4	1999	2000	17
2001	2002	350	113	804	47	1114	30	2003	27	60	1180	679	52	2004
99	560	63	577	9	951	769	609	87	88	89	71	95	495	150	496	150	160	497	1699	497	6	93	146
519	12	62	337	3	4	5	60	560	9	210	460	150	348	426	337	266	337
2005	880	337	835	17	104	464	1711	273	274	60	1004	198	642	628	2006	112	312	880	337
49	851	12	62	2007	3	680	533	27	152	891	5	60	1364	248	3	1031	669
436	345	733	1297	13	14	5	6	7	582	83	2008	2009	2010	1835	14
238	2011	2012	2013	2014	985	2015	100	2016	479	230	680	533	27	94	4	5	6	7	127	751	13	849	692	492	851	669	1319
34	2017	2006	2018	1909	2019	2020
49	2021	270	277	1143	2022	2023	252	92	27	7	2024	253	489	17
680	2025	118	1656	1366	2026	680	2027	2028	13	3	533	27	94	707	1196	395	288	499	2029
327	3	283	4	3	793	272	9	1850	538	245	339	712	13	546	5	6	1375
2030	2031	103	18	92	44	297	711	492	1244	2032	676	978	281	24	814
49	851	2033	12	1965	127	123	680	782	266	534	533	27	94	123	4	782	135	17	5	6	7	586	2034	874	782	1484	1367
855	802	773	693	135	17	1900	885	503	663	246	14	2035	2036	2037	777	1055	373	27	485
966	1243	440	1256	880	1137	1071	110	27	568	1138	152	624	1139	17	110	111	94
892	272	718	2038	2039	65	2040	1764	1343	65	2041	2042	27	184
4	783	600	3	5	6	7	57	2043	63	2044	2045	4	12	17	3
49	851	230	4	5	60	472	874
449	232	450	62	349	115	29	60	51	59	32	60	2046	118	489	17
1144	499	2047	120	405	335	150	150	340	751	335	813	2048	2049	2050	2051	944	16	2052	2053	375	1690	27	314	29	506	697	184
268	2054	1570	14	845	24	2055	373	27	25	540	804	47	1114	30	47	540	48
268	752	252	92	27	7	2056	253	693	135	17	2057	2058
2059	809	2060	2061	1147	544	24	430	329	16	2062	113	804	47	540	905	2003	27	2063
238	272	3	17	546	1699	2064	34	393
966	257	111	258	108	109	104	105
2065	83	2066	2067	1812	450	9	560	2068	2069	2070	450	2071	81	764	293	1722	2072	1722	2073	24	2074	1722	2075	24	2074	1722	2076	397	831	83	2074	1020	398	460	2077	461	2078	2079	2080	397	1569	321	16	733	2081	592	24	595	17	373	374	375	1348	1349	94
49	2082	272	1792	14	249	239	248	279	4	560	5	60	2083	1593	230
1261	12	3	389	2084	4	5	6	7	847	269	17	52
327	2085	1964	2086	2087	5	549	1577	2088	2089	2090
238	395	1346	885	2091	1082	110	111	94	344	604	108	456	2092	624	2093	885	2094	282	109
4	272	9	1850	538	245	339	712	13	546	5	6	2095	2096	835	546	101	283	436	1263	2097	1377	1526	859	669	14	245	1297	13	849	2098	2099	275
99	248	1427	582	5	6	804	93	1457	93	549	2100	5	1458	93	1459	60	1810	5	1457	93	549	272	1360	2101	13	546	1050
2102	55	481	103	461	997	1793	845	539	727	27	485	2103	503	2104	767	184	266	2105	18	2106	767	485	2107	539	2108	2109	2110	29	44	696	2111	27	2112	2113	2114	365	1982	27	2115
276	100	4	5	60	3	389	436	345	818	346	83
2116	1514	1515	1514	1515	1162	2117	149	12	3	127	266	534	135	17	2118	25	2119	27	25	93	6	7	12	127	751	13	849	330
238	2120	349	81	71	283	740	741	2121	2122	112	2123	24	115	29	60
636	283	1020	203	4	5	60	389	729	288	2124	2125	14	2126	1100	2127	4	537	127	288	337	2128	127	317	397	479	426	14	1184	2129	782	397	937	2130	480	286	460	286	1312
268	920	490	1497	398	491	47	374	393
327	3	4	5	60	2131	346	2132	821	12	3	127	57
2133	350	276	3	4	5	60	14	2134	2040	788	2135	2136	2137	2138	2139	1486	2140	2141	1765	71	337	2134	2040	788
1010	17	55	1779	312	71	1780	108	978	944	16	445	146
855	1429	618	101	5	6	1084	1430	1431	1432	12	71	503	17	2142	1948	1351	71	503	2143	12	17	55
99	71	692	693	135	17	2144	1112	47	2145	373	804	47	27	485	489	1263	924	2146
276	2147	628	2148	1578	864	273	274	2149	245	2150	1793	112	387	2151	1734	937	2152	104	426	14	996	135	71	362	2153	71	426	2154	135	2155
327	3	283	4	3	1849	272	9	1850	538	245	339	712	13	546	5	6	7
791	792	49	4	793	5	6	7	3	600	709	57	12	17	3
2156	17	55	2157	1728	6	93	146	2158	2159	312	560	71	770	24	2160	82	560	789	50	24	2161	2162	135
99	2163	1319	1364	2162	281	24	2164	3	2165	127	680	533	27	94	728	2118	94
936	937	864	241	1783	937	9	11	1146	373	374	146	772	1147	2166	1146	1784	27	152
2167	2168	230	3	762	1439	55	680	533	27	94	2169	17	492
238	979	490	446	3	253	273	274	30	274	27	48	1733	271	64	2170	1146	2171	1847	1848	2172	438	244	14	16
276	2087	2173	2174	2085	1577	2088	874	177	1964	5	60	238	783	1667	2085	918	1377	1161	464
315	274	598	1044	83	574	1210	270	750	1691	2175	2176	539	1044	750	751	750	574	345	2177	794	4	2088	2178
1144	1437	493	335	12	376	882	1346	617	71	503	137	497	2179	27	1152	1682	27	369	363	27	2180	257	111	375	2181	107	1215	1753	1051	1087	1151	726	71	1094	1456	27	25	46	34	652	1729	696	2182	141	376	882	1691	1055	92	44	297
985	248	846	248	257	111	258	2183	124	1508	1832	764	2184
49	4	5	549	247	1499	784	2185	14	13	2186	14
257	111	258	607	320	456	2187	873	2188	1801	320	321
49	2189	814	4	793	5	2190	352	346	959	2191	891
730	2192	5	6	7	2193	246	1210	83	2194	13	546
892	103	62	192	397	398	590	465	466	467	602	2195	2196	2197	822	375	47	374	146
252	251	99	252	251	2198	27	1246	2198	27	2199	9	71	503	950	951	87	119	24	944	65
639	2081	112	1557	2200	2201	490	944	135	2202	2203	696	716	27	485	520	585	2204	593
469	1853	92	27	184	851	256	1241	2205
49	269	2206	1028	2207	625	2208	729	2209	296	624	625	800	52	320	109	492	629	630	110	111	94	24	2210	2211	1144	2212	2213	1381	2214	2215	82	1622	1837	2216
1345	127	1724	489	17	2217	446	272	273	274	549	4	5	60
1243	461	399	55	997	676	2218	2219	398	307	27	804	47	374	375	1939	27	297	397	2220	538	1039	27	1040	320	321	445	297	495	771	160	313	1150	381	1982	27	2221	1035	1036	2222	1037	503	62	2223	27	107
678	49	679	593	2224	283	4	5	6	7
327	1549	3	14	4	127	600	12	3	17	55	5	6	804	1605	27	97
2225	350	2226	351	122	484	485	2227	121	2228	2229	297	1284	488	2230	1256	2228	2229	297	2231	1071	486	16	1215	377	59	32	60	59	27	60	115	29	60
2232	285	150	281	149	335	278	150	5	6	45	897	27	35	1666	278	150	478
2065	62	360	487	494	88	89	90	135	89	2233	2234	230	71	95	495	205	150	160	313	1699	497	1682	1288	1289	369	2235	1981	1982	107	2236	1085	283	1783	1751	300	2110	2237	301	2238	1085	2239	1232	12	609	2240	2241	2242	2243	2115	2244	2245	16	1751	2246	2247	1569	940	520	2248	2249	369	47	374	146	108	321	2250	322	323	324	325	34	146
276	492	1779	135	2251	218	2252	65	2253	2254	2255	2101	2256	2257	113	7
49	1316	1265	2258	17	62	2021	252	793	92	27	2259	881	239	62	294	2260	855	789	661	24	134	835	2084	24	778	134	2261	1064	405	2260	2262	24	2263	2264	1155	835	1837	1823	2265	2266	1083	2029	778
2267	529	2268	445	146	2269
49	405	2083	3	2270	9	1869	682	2271	3	9	600	4	127	5	6	7
252	92	27	60	917	5	6	94	2272	283	95	88	89	622	921	922	27	485	122	923	924
327	234	135	17	71	560	63	577	2273	951	769	609	1480	2067	88	89	71	95	495	150	496	150	335	278	160	497	93	6	184
2274	595	14	1105	27	1106	440	1031	595	14	846	1373
2275	112	920	1319	2276	547	424	2277	271	126	357	235	315	274	598
327	2278	256	1164	2279	782	230	503	959	346	2280	2281	2282	2283	4	5	60
437	4	5	60	2044	709	57	546	30	1196	3	1327
2284	17	586	1050	272	16	17	2285	2286	2287	83	937	362	24	2288	65	1053	83	1452	17	63	112	692	373	27	485	71	1094	1103	34	94	1793	727	27	485
2289	489	17	626	3	2290	654	2291	424	2292	18	2293	804	695	27	45	29	27	184
1810	5	60	238	783	1235	14	481	482	1455	864	2294
384	1226	2295	2296	12	3	62	680	533	27	152	266	534	3	93	6	541	62	243	680	2084	264	11	538	487	269	14
2297	62	2298	924	679	283	4	5	60	2299	1159	27	48	446	273	274	60
49	2300	5	6	7	793	3	600	709	57	1770	12	17	3
