0.4000000001425549
0.35202779340830476
0.3794733194696527
0.28749558766870126
0.4000000000013647
0.3617533568554061
0.39853691176285244
0.47213625407354054
9.289365694059171E-11
0.2874955875611721
0.41898427166692276
0.4000000000204502
0.2159791292122475
0.2050772587422181
0.28749558766651667
0.3041504107801034
0.1910685396241784
0.3380869466040107
0.38533681564194194
0.4000000095846996
0.28749558783287565
0.3934124143202996
0.393412413759222
0.37990884454685586
0.2874955879705827
7.03569028648739E-11
0.4000000037517783
0.3137173704194819
0.5756547677852497
0.19356643124105624
7.657565002931246E-11
0.3872783472464781
5.063291681916999E-14
0.41847433634059394
0.3934124132648987
0.39853686366022023
0.4000000000229413
0.416099302986497
0.25331131906586124
5.152979030216441E-11
0.4000000000568338
0.37302076146104535
0.3977990090932152
0.6000000002996846
0.2585899090129274
7.203399648974799E-11
0.3058906994372721
0.34369425104097323
0.32408924702512454
6.163894693642128E-11
0.35993610787104835
0.3913948175977854
0.36989018380419103
0.3058906999536579
0.22987285155378998
2.874824278266754E-11
2.4520555668527127E-13
0.39341241302007085
0.3886447278154402
0.38789487347315627
0.310757060929038
0.4000000002537932
0.29697649782471697
0.40000000000000946
0.3058907004669643
5.443712752143378E-14
0.400000000039519
0.3427969154891852
0.1935664298249031
0.6000000002597015
0.3794733193410629
0.36053067417949625
0.3228462979187029
0.25861447352282024
0.40000000641416095
0.3454752103359398
0.4000000010054403
0.3982687284608194
0.22832686893022217
0.350731088840456
0.20000029434139738
0.29831482239621915
0.40000000988713186
0.2797042246653868
0.3934124130265008
0.2957970736484825
0.4000000144571123
0.3013990288541908
0.2085368990067843
2.0535668442151317E-10
0.32035861692022877
0.3046373089968229
0.29732825579391253
6.877858249405909E-15
0.40000001173512
0.36989019425420055
0.3970216138896517
0.39378540708263665
0.3380869468060828
0.2741346521069623
0.31211770048312715
0.3990550852789504
4.364512410492281E-11
0.4802079891884613
6.253757103141182E-7
1.0
0.19356643553982933
0.20000000002392823
0.34151741210153014
0.30589069940497393
0.35425375135754594
0.3564253155817316
0.12097073589036819
0.37560971759764783
0.30589070001006446
0.4000000000035603
2.624813869876648E-11
0.40483782354514103
0.39392818802562474
0.26575285980327135
0.3886447279391884
0.2874955880432477
0.2975478432783144
0.2917879540842246
0.40000000475368414
0.35835642655501293
0.5855569514158792
0.2874955876855156
0.4000000000350244
0.4000000027300565
0.3623524298255261
0.39853691176285244
0.39341241315398506
1.1745554200975324E-7
1.8763342815773708E-7
5.103175983015469E-11
0.3730207726937846
0.3444707164542189
0.4000000071089864
0.32395015500414515
2.3189776686272453E-11
0.6000000066913822
1.3376970923859446E-10
5.981949236001654E-11
0.3934124134030161
0.3067261537969763
0.40000000913516626
0.29647157493253656
0.30589069954411563
0.34264996468002556
0.39455769006101343
0.40000001140913405
0.3934124136248707
0.344992756444326
0.2874960665245984
0.3058907002579596
0.3380869465517259
0.22867081196533665
0.2720342519769201
3.561781262554836E-11
0.3520861520677039
0.3290376197177535
0.39779900909504506
0.40000000368937544
0.3900124788484003
0.39552006428158293
0.3393333580772476
3.4670738300466004E-11
2.3330908629770013E-10
8.02495154207476E-11
0.21068137152131364
0.37560971743279636
4.6977152214644147E-11
0.4000000002293945
0.3950799516809962
0.4000000000293906
0.3518292162852903
0.40000000373602695
0.3058372517885448
0.39341241327379656
0.33933335792232716
0.324551589223371
0.4000000051511789
0.4000000002431689
0.3058906994499745
0.29945007302355653
0.39055793055455373
4.703043931186524E-11
0.2835909200754585
2.2877122856854252E-11
0.3732327414992245
0.3842515764274926
0.2874955876722424
0.2797175040275086
0.4000000005481283
