-0.0872794
0.149889
0.0117376
0.00493091
-0.0229772
-0.0082996
-0.0283898
-0.00274387
0.0190445
0.00354173
-0.118556
0.0471544
0.073701
0.112777
0.00493091
0.0263757
-0.10307
0.0044991
-0.10538
-0.123471
-0.0287526
0.00423225
0.00423221
-0.00222098
0.00493208
0.00166117
0.0126443
-0.018169
-0.00835529
0.0239093
-0.0586072
0.0046674
0.0353028
0.0224388
-0.00551787
-0.0300017
-0.0280386
-0.00202342
0.0570622
-0.0136761
-0.00276028
-0.0220897
-0.0049861
0.004545
-0.0432907
-0.00207209
0.00420899
0.0685668
0.0351511
0.0419151
-0.0348674
0.0422567
0.0932014
0.00420993
-0.0150774
-0.0917506
0.0353028
0.00423171
-0.0266683
0.104002
0.0765248
-0.0176304
-0.145831
-0.0588739
0.00420968
0.0242896
0.0965355
0.0330594
0.0256302
0.00261811
0.0372457
-0.000594251
-0.0558286
-0.0476733
-0.0785949
0.0559145
-0.0667354
0.0169583
0.0285996
0.0441111
0.148607
-0.000152658
0.012646
0.0333305
0.00423172
-0.0459005
-0.0667684
0.0313425
-0.073944
0.0402686
-0.0355618
0.0560598
-0.0220044
0.0397166
0.0126448
0.0932036
0.0165485
0.0113114
-0.0475494
-0.034813
-0.151834
-0.0580713
-0.0281909
-0.0113036
0.035577
-0.50233
-0.119693
0.0619714
0.0244977
0.0349807
0.0131012
-0.0368731
0.045318
0.0207925
0.00420964
-0.0667706
0.086078
0.0967958
-0.035424
0.0867313
0.000802022
-0.0689123
0.0132919
-0.0892859
0.0551713
0.00858189
-0.0893912
0.125851
-0.0359619
-0.00663099
0.0820875
-0.0290036
0.00423185
0.00945647
-0.0152424
0.00159832
0.115583
0.0833437
0.0658903
0.0370473
0.0353028
-0.0483952
-0.0152907
-0.048678
0.00423239
-0.0141623
0.0126451
0.0306746
0.00420961
-0.0148366
-0.126846
0.0312832
0.0042324
0.079639
0.0545941
-0.0310114
-0.04755
0.00712069
-0.00852136
0.0191983
0.0148284
0.00535059
-0.0474904
0.0126433
0.0287216
0.00506498
0.0104211
0.106078
0.0353029
-0.0329695
0.0566068
0.0207919
-0.0385744
-0.0213959
-0.0392358
0.0805333
-0.108171
0.0126443
0.018868
0.010029
0.0104213
0.0149603
0.0126442
0.0466528
-0.0170987
-0.0394838
-0.0496033
-0.0847672
-0.0105154
0.0353028
0.0121644
-0.0268381
-0.029915
0.101297
0.0466528
