0	1	2	3	4	5	6	7	8	9	10	11	12	13	14	15	16	17
18	19	20	21	22	23	24	25	26	27	28	29	30
31	32	33	34	35	36	37	38	20	39	40	41	42	43	44	45	46	47	48	49	50	51	52	53	54	42	55	56	57	58	59	60
61	62	58	63	64	65	66	67	68	69
70	71	72	73	68	74
75	76	8	77	78	79	80	81	22	69	82	80	83	84	85	86	87	88	89	90	91	92	1	93	94	22	95	68	22	96	97	22	98	99	22	88	52	100	101	102	103	104	105	30	106	107	108	109	101	110	111	22	96	112	33	113	114	115	116
32	33	117	118	119	120	10	121	80	122	77	123	108	124	80	125
126	127	128	57	104	129	130	131	132	133	134	131	132	135	136	137	138	139	22	140	141	22	96	142	143	96	144	22	145
146	147	1	148	136	137	138	149	139	22	140	141	22	96	142	143	96	144	22	145
150	26	151	10	152	153	154	155	152	156	157	158	69	157	159	69	153	154	160	161	131	152	162	163
164	165	166	167	168	89	169	77	170	171	98	172	22	173	174	22	175	176	22	177
178	179	24	170	171	88	180	181	182	183	107	2	184	1
185	159	74	186	52	24	104	60	187	188	189	190	169	191
192	193	194	195	196	197	198	52	199	200	201	202	203	204	157	159	69
75	76	205	206	207	208	48	209	210	211	212	210	213	214	215	71	58	65	189	64	216	67	68	69
185	159	74	217	128	71	58	218	169	191	219	187	220	221	222	223	191	224	22	34
225	226	227	46	228	229	103	105	30	230	107	108	231	232	233	234	111	22	145	235	236	237	32	33	113	114	115	116
214	238	239	240	241	170	22	34	242	243	244	245	246	247	35	248	249
178	139	22	250	251	252	156	253	254	148	80	134	132
255	99	256	257	258	169	191	148	259	80
260	261	262	80	263	264	265	266	222	267	268	80	269	270	271	22	96	68	22	98	99	22	98	272	22	88
178	89	65	273	108	274	20	275	276	277	278	279	269	20	280	270	57	281	282	283	284	285	73	68	69
286	287	288	289	290	291	292	293	16	17	294	295	26	296	7	297	9	10	11	298	299	300	301
31	302	139	22	140	141	22	96	142	143	145	303	77	304	305	306	307	1	303
31	149	308	309	310	311	1	148	261	136	137	138	139	22	250
312	313	20	314	315	103	316	317	318	152	1	107	184	319	320	321	322	30	323	324	22	98	112	33	113	99	325	173	326	327	173	328	22	329
178	52	26	162	185	159	74	330	89	77	331	332	333	334	335	336	249	337
338	339	340	63	341	318	283	285	73	68	69	52	342	21	22	69	343	148	344	80	259	345	346	347	64	348
214	349	64	240	35	170	171	88
126	350	253	351	60	352	71	156	157	158	285	185	159	69	353	354	355	44	333	356	26	152
31	357	358	10	359	65	360	361	362	363	344	303	364	365	22	285	73	68	285	68	22	285	284	284	69
178	179	24	170	171	98	99	22	366	240	241	367	2	149	368
31	131	369	152	332	26	185	159	74	24	370	371	372
31	373	48	371	372	157	158	69	39	26	374	375	191	48	52	71	353	157	159	69	374	169	191	44	187	372	224	22	376
377	378	304	379	380	80	381	382	383	22	88	384	385	386	80	387	388	389	270	270	80	384	80	270	390	391	134	131	392	80	385	393	109	1	394
395	396	397	57	398	399	400	401	76	112	33	402
403	65	404	405	406	407	408	409	410	411	65	353	412	413
214	414	415	60	131	127	416	136	137	24	139	22	250
150	57	417	418	419	420	255	99	256	421	422	295	293	187	423
412	413	424	89	65	425	426	298	65	427	141	428	429	430	298
170	22	34	431	240	241	432	433
126	434	26	58	435	436	2	93	1	437	372	438	439	440	441	30	442	75	372	443	444	22	250	290	291	229	445	446	447	103	448	22	449	450	20	53	26	451	452	2	297	9	453	48	454	455	72	456	457	80
70	458	459	460	170	171	88
461	462	313	311	463	189	464	20	465	466	467	100	128	340	468	60	21	22	469	22	470	22	88	471	472	22	473	474	475	476	477	432	478	479	20	377	477	432	478	480	481	482	483	484	485	486	487	488	489	490	491	492	493	494	495	496	497	498	499	500	501	502	22	34	503	504	505	22	366
432	148	506	507	508	509	169	510	511	512	157	159	285	158	22	513	255	99	366
111	22	17	514	26	515	516	517	518	332	26	519	520	521	517
522	523	524	525	526	527	101	26	447	26	448	22	528	529	22	449	370	20
214	530	531	532	533	342	534	535	536	537	538	539	37	540	195	541	542	543	156	32	33	34
544	1	148	545	546	99	22	98	547	22	88	548	137	139	22	250	549	226	227	46
170	22	117	55	53	26	550	2	1	125
73	68	74	551	552	303	553	186	71	48	551	552	429	554	108	48	63	64	65
412	413	555	425	426	60	279	556	89	65	64
412	413	557	65	404	558	273	559	560
164	20	237	311	64	65	20	283	284	88	283	284	69	67	68	69
178	216	353	341	561	67	22	34	562	563	564	22	69	565	566	567	22	34	568	77	569	2	570	571	22	69
214	2	572	573	416	574	139	22	250
575	576	577	578	463	579	580	581	582	583	584	581	585	586	587	100	101	448	22	449	77	563	111	588	250	64	589	590	33	69	532	591	592	26	20
593	594	259	77	122	595	596	511	169	597	1	148	323	598	99	366
599	600	601	48	602	603	84	604	605	74
606	607	58	608	609	48	101	26	111	22	96	112	33	113	114	115	173	610	22	611
167	612	376	613	419	353	614	615	345	616	565	566	617	618	170	22	34	184	619	620	22	34	2	621	622	22	366
623	171	170	171	88	624	1	107	108	240	625	240	241	626	107	2	240	35	627	628	1	240	629
70	332	630	48	18	631	448	22	449	632	633	634	635	636	55	636	637	118	638	639	634	640	641	642	332	1	643	644	2	645	636	646	48	302	332	643	644	647	648	108	649	650
651	101	26	20	5	652	653	654	655	656	657	658	112	33	34	659	89	101	660	661	440	662	663	664	359
665	341	666	667	67	68	69
73	68	74	39	189	128	63	64	65	2	569
111	22	17	668	669	26
31	282	670	6	239	671	672	673	240	625	170	171	88
70	674	675	39	139	22	250
676	110	677	678	679	47	110	680
681	25	682	342	2	570	683	424	684	571	22	69	463	685	686	1	687	2	688	689	690	691	692	169	693	694	538	695
696	697	698	699	700	342	701	702	512	169	191	703	704	705	178	577	342	458	706	707	169	708	157	159	69	709	710	711	187	712	22	34	371	713	22	714	562	63	715	169	191	716	717	718
719	720	169	721	265	722	249	93	723	724	725	726	8	375	727	157	159	69
392	728	685	48	729	521	730	111	22	17	48	468	60	731	732	733	1	2	30
392	65	385	644	85	72	294	64	72	73	68	74
150	734	670	735	736	77	304	302	139	22	140	737	22	96	738	143	145	739	603
338	619	740	741	675	39	139	22	250	742	724	743
744	90	559	711	353	745	614	746	747	20	345	618	44	748	749	167	170	22	34	25	750	48	89	298	184	619	620	22	34	2	621	751	167	752	622	22	34
753	754	755	207	756	757	2	758	170	171	88	759	760	761	762	648	763	152	764	22	145	765	766	767	318	565	688	768	769	261	1	770	767	771	758	184	772	318	688
178	148	773	774	52	57	1	148	21	98	272	22	88
112	33	402	591	592	57	775	447	26	52	100	101	448	776
777	778	779	35	780	240	781	215	170	22	34
