0	1	2	3	4	5	6	7	8	9	10	11	12	13	14	15	16	17	18	19	20	21	22	23
24	25	26	27	28	29	30	31	32	33	34	35	36	37
38	39	40	41	42	43	44	45	46	47	48	49	50	6	49	51	4	52	53	54
55	56	8	57	58	59	60	61	62	63	64	65	66	67	68
69	70	71	42	72	73	74	75	76	48	7	77	6	78	5	79	80
69	81	39	82	83	84	85	86	87	6	9	88	89	90	91	6	92
93	60	94	95	96	97	98	85	99	44	100	101	102	103	104	73	105	74	106	107	87	79	108
109	68	110	111	8	57
112	113	114	115	116	117	118	89	119	120	121	122	123	26	80	124	41	125	6	126
5	79	127	128	89	119	129	130
131	132	133	134	71	135	136	137	138	44	139	140	141	142	91	6	92
109	143	144	145	146	147	148	149	150	151	152	153	154	155	156	142	157	158	159	160	161	162	47	89	119	123	26	163	164	6	165	109	166	167	168	169	170	171	172	173	174	175	176	177	178	179	180	181	1	182	183	184	185	175	172	186	187	188	189
190	191	192	193	194	195	193	196	87	6	7	5	79	197	198	199	78	200	6	201	202	203	204	78	205	206	197	50	6	49	207	52	208	84	209	53	210	8	211	49	212	204	197	213	6	78	214	215	216	217	218	165	219
220	221	222	223	89	1	224	84	219	225	226	92	227	219	91	6	228	202	219	203	204	197	229	6	92	230	219	48	7	5	6	9
231	232	207	52	233	234	235	236	237	235
238	239	240	241	223	50	51	233
231	232	52	53	242	243	244	73	74	245	75	76
246	229	247	170	248	249	250	251	244	252	253	101	254	255	256	98	257	258	259	41	260	261	262	263	60
264	265	266	267	268	269	87	79	108	270	271	272	99	44
273	265	274	275	276	277	52	53	242
264	278	279	280	281	282	283	284	285	286	287	288	289	290	42	209	53	291
292	227	219	89	119	293	294	295	296	297	60	298	299	73	74	300	301	91	6	78	302	6	108
303	304	87	6	9	305	306	277	307	84	308	309	39	99	310
109	311	312	313	314	315	197	316	317	78	77	6	92	318	319	173	320	89	119
231	29	321	322	323	324	42	325	326	87	6	9
327	328	103	329	221	330	252	331	332	333	222	334	70	335	123	26	336	337	6	228
338	43	48	7	5	339	7	340	6	49	212	204	108	138	60	44	73	74
238	113	341	156	42	43	256	73	74	41	342	14	75	343	284	209	53	210	344	345	7	8	346
109	41	347	173	227	348	349	350	351	91	6	92
212	204	352	353	118	354	89	355	202	356	251	357	89	358	42
359	333	360	361	362	235	230	284	207	52	363	121	41	145	364	39	365	230	284	5	79	366
367	120	156	244	368	43	48	7	52	53	210	51	369	330	3	6	153	312	120	156	370
0	119	193	371	372	46	41	373	343	374	230	219	48	7	5	6	7	375	6	208	124	376	229	197	377	212	204	108
378	59	60	87	79	92	235	3	6	92	379	60	380	6	80	381	382	383	384	22	165
69	267	119	385	386	387	388	389	210	390	369	391	1	392	393	394	369	395	396	196	397	398	369	388	399	332	400	401	402	6	369	403	195	404	6	54	403	1	48	7	5	79	339	9	405	406	407	408	409	410	411	412	413	414
415	416	417	418	267	240	419	51	208
420	222	421	41	71	422	423	424	425	426	427	428	429	203	204	197	430	431	432	433	6	336	434	435	228
264	436	202	219	1	437	230	219	119	87	79	108
438	89	119	439	440	441	120	442	443	44	91	6	92	410	97	41	76	59	444	60	48	9
445	230	219	89	1	91	6	92	446	140	41	43	447	448	308	47	449	450
231	451	194	202	73	74	452	42	68	453	209	53	54	454	455	456	457	458	459	42	460	68	461	48	9
109	381	196	462	51	463	91	6	78	51	6	108	464	465	89	1	466	202	219	467	468	469	470
438	471	472	473	75	76	48	9	89	119	474	475	476	477
52	53	242	461	478	277	479	75	76	244
0	480	1	481	482	483	114	87	6	7	8	7	484	485	108
8	57	486	89	76	230	487	488	489	490	42	230	452	42	491	492
493	230	494	495	496	497	183	494	498	499	500	501	502	503	504	505	506	507	508	14	230	494	509	510	483	89	119	481	333	511	323	512	308	513	514	197	515	6	92	516	517	518	519	6	165	520	521	522	523	524	87	6	9	506	525	526	506	527	526	526	528	14	529	230	494	530	531	14	532	533	534	141
535	236	536	537	538	539	540	541	89	542	543	6	165
544	244	545	312	89	480	209	51	4	8	546	547	35	323	244
548	166	549	550	70	318	551	243	552	553	59	403	554	87	79	92
112	555	556	284	557	558	559	6	165	560	561	558	562	199	92	563	564	565	566	485	567
568	569	570	276	571	572	573	244	574	52	53	242
575	312	89	119	193	58	576	577	522	578	579	580	132	87	79	108
0	119	581	582	267	480	5	79	352	267	480	371	256	89	119	583	132	101
55	584	585	426	586	142	587	312	588	41	71	557	589	203	204	197	590	229	197	430	431	432	591	6	336	434	435	228
548	166	592	593	189	594	160	595	596	597	141	598	189	599	597	462	307	267	89	1	304	87	6	7	207	52	600
601	602	34	462	87	79	92	603	604	70
109	314	315	216	25	26	80	605	606	588	90	607	608	42	555	31	32	609	610	609	611	74	41	610
612	250	613	614	615	268	616	617	618	619	620	89	621	616	617	618	622	623	190	222	89	1	194	268	87	79	197	78	624	6	78	198	199	78	229	6	78	625	6	216	212	204	201
626	32	42	627	42	628	458	32	123	26	629	630	631	455	632	202	633	187	634	381	635	187	636	159	160	637	6
231	638	639	640	41	14	323	522	641	642	514	352	643	57	460	354	644	641	645	14	41	646	221	619	308	647	564	41	648	649	650	230	651
652	460	653	654	655	70	656	89	557	589	70	421	89	71	145	657	658	43	531	659	48	9
327	660	661	196	1	89	1	662	138	196	663	664	665	237	235	666	666	667	87	6	9
8	57	668	89	76	403	669	75	76	43	403	670	244	252	671	75	459	460
109	672	267	417	673	91	6	92	674	675	676	677	75	76	290	678	42
25	26	27	679	89	119	661	323	680	681	682	145	683	684	685	645	41
55	256	426	686	70	230	219	687	688	689	44	5	79	366	84	690	219
691	692	422	693	694	235	357	301	695	696	697	3	698
699	700	607	701	41	702	308	91	6	92	74	608	693	703	73	608	693
50	51	233	704	705	460	706	39	542	707	708	709	561	710	323	711	124	267	141	712	189
238	157	166	89	713	417	257	44	209	53	210	8	7	207	52	208
714	5	79	127	715	716	35	29	87	79	92	35	602	36	717	497	718	719	720	721	722	723	724	725
190	726	727	728	729	267	1	661	730	132	731	207	52	233	51	6
55	732	733	360	326	196	462	87	6	7	5	79	92	457	534	734	708	87	79	735	715	736	737	738	323	739	740	741	36	742	743	744	153
745	256	746	747	748	749	196	120	522	579	73	105	74	48	7	5	79	339	7	375	750	751	49	207	52	208
752	753	754	89	141	755	661	756	311	757	758	759	760	197	624	761	78	762	6	165
264	545	97	173	763	764	765	173	25	26	27
766	312	284	642	514	352	5	79	352	515	6
109	767	194	189	91	6	78	77	6	228	423	768	308	574	769	770
264	649	771	35	305	306	772	773	733	774	775	776	57	777	277	778	779	780	781
782	320	73	74	290	89	32	783	784	41	780	785	123	26	336	786	126
787	788	789	237	790	791	792	793	25	26	27
209	53	54	794	460	335	75	76	42	232	795	796	73	357
797	89	119	545	196	679	89	119	798	202	219	799	52	49	77	6	78	164	6	163	800	164	801	800	164	802	77	6	432	803	6	126
804	805	806	224	807	230	219	87	6	9	202	219	87	79	197	808	809	201	227	219	48	7	25	6	92	399	219	810	811	6	201
231	232	46	59	60	812	813	814	815	816	817	87	79	108
438	318	522	89	41	818	819	807	224	820	44	799	52	49	808	809	216	164	6	165	410	91	6	78	821	80
25	26	27	232	822	277	823	89	119	824	825	283	684	89	119	681	685	826	503	827	41	42	227	828	122	41
8	57	829	491	492	830	73	74	240	230	1
69	194	388	293	555	162	335	470	194	284	212	204	127	198	199	127	831	6
69	311	754	75	76	417	311	832	89	833	465	834	835	606	836	557	423	424	837	838	197	590	229	197	344	6	197	213	6	78	430	226	216	839	840	841	842	215	216	843	844	201	845	835	196	846	209	53	210	8	211	49	207	52	49	302	6	108
438	89	119	847	410	848	89	232	451	403	73	74	284	48	7	375	6	49	5	79	197	849	6	850
548	851	68	203	204	108	376	229	108	639	323	852	501	853	854	227	855	278	856	857	561	858	859	860	861
273	166	25	26	27	862	6
863	864	308	145	865	866	867	868	869	870	323	424	871	648	872	873	874	244	643	75	76	48	9
212	204	352	875	876	89	44	563	89	462	138	877	42	74	73	878
415	879	880	881	882	89	141	883	91	6	92
884	885	89	130	311	91	6	197	5	79	78	484	485	216	21	22	165	886	887	732	888	582	889	890	891	892	15	893
52	53	242	894	478	156	277	895	75	76	244	281	285
264	896	897	15	145	89	268	376	229	898	198	199	78	624	6	78	899	900	901	902	903	904	905	906	907	908	909	910	911	912	913	914	915	916	917	918	919	920	921	618	922	923	924	925	616	926	927	715	928	232	929	930
0	119	318	931	932	162	89	542	457	615	410	933	43	934	44	935	410	936	937	479	41	937	203	204	108	89	938	758	939	940	418	410	941	942	933	410	936	937	758	943	6	165
745	120	468	82	59	444	60	944	10	810	811	6	216	744	6	201	298	945	946	165	297	943	6	336	947	92
948	29	1	578	949	160	950	202	230	219	87	79	197	951	952	78	953	6	201	639	954	955	833
5	50	127	207	52	233	307	124	267	462	956	957	89	119	958	650	39	44	132
959	511	520	323	960	457	308	961	962	963	312	132	729	267	1	964	965	966	799	52	49	51	6	108
112	967	968	296	284	389	291	847	60	73	74	969	7	5	6	346
970	267	89	119	971	835	606	972	973	71	799	52	49	50	51	49	212	204	201
55	455	417	323	426	586	974	103	334	686	41	71	203	204	197	590	229	197	430	431	432	433	6	336	434	435	228
975	706	41	141	323	73	74	60	59	976	403	977	978	5	79	352	979
8	57	458	459	42	980	491	981	282	43	982	73	74
983	984	985	986	649	241	497	987	988	91	6	989	77	6	990
264	991	992	993	994	541	89	119	284	212	204	352	316	317	127	77	6
995	71	348	43	996	41	227	73	74	257	640	997	41	209	53	210	51	4	8	9
998	311	98	999	254	885	1000	462	304	87	79	92
112	605	121	75	76	251	42	43	323	422	1001	1002	457	452	42	209	53	210	8	211	9
1003	451	75	76	244	512	277	1004	1005	1006	1007	244	252	43	209	53	54
1008	457	1009	103	1010	1011	73	1012	74	244	209	53	54
1013	875	89	649	636	89	417	1014	1015	1016	91	6	92
568	124	41	1	186	250	1017	960	173	186	323	1018	852	501	1019	173	497	91	6	1020	196	143	1021	608	693	932	173	84	935	202	109	461	460	1022	604	1023	70	1024	1025	422	1026	173	320	1027
327	1028	194	195	654	1029	483	48	7	590	229	108
8	57	668	89	76	403	669	75	76	43	403	670	244	252	671	75	459	460
1030	946	23	1031	1032	1033	73	74	41	1034	298	196
1035	1036	1037	73	1037	74	1038	441	1039	1040	41	554	87	6	9
55	1041	896	194	1042	167	799	52	208
55	836	1043	497	1044	640	1045	1046	1047	1048	1049	1050	1051	1052	1053	1054	1055	1056	6	1057	244	606	1058	41	209	53	54	267	240	1059	3	1060
238	1061	1062	480	1063	99	410	1064	41	141	1065	87	79	108
25	26	27	545	1066	41	1	1067	1068	1069	111	1070	1071	1072	1073	73	74
25	26	27	1074	249	607	250	249	1075	356	42	227
0	119	1076	221	47	89	1	974	138	60	73	74	145	324	42	87	6	9	73	74	42	48	7	642	514	108	121	44	230	39	99	419	51	49	5	79	108	335	121	469	1077	1078	1079	108	335	1080	194	196	123	6	92	1081	1082	194	1083	194	1084	1085	1086	1087	194	195	70	1088	6	78	198	199	92
207	52	233	212	204	352	590	229	352	302	6
1089	1090	1091	6	1092	229	247	228	753	1093	1094	129	89	1095	1096	1097	1098	244	41	784
69	267	119	70	329	221	196	161	944	1099	89	1100	1101	1102	298	1103	6	78	1104	6	201	403	1	48	7	5	6	9	195	235	444	60	376	229	108	1105	1106	1107	1108	1109	6	92	196	75	119	3	1110	216	430	226	201	1111	1112	799	52	208
109	554	574	87	6	7	1113	6	201	436	1114	1115	554	89	119	769	1116
643	57	1117	60	1118	1119	1120	115	1121	777	156	467	145	489	490	230	43	42	1122	1123	489	490	859	323	1124	1125	1126	1127
55	1128	1129	43	68	123	26	336	1130	6	126
55	822	460	145	426	586	29	587	312	588	41	71	557	589	203	204	197	590	229	197	430	431	432	433	6	336	434	435	228
264	1131	478	462	534	141	1132	1133	963	312	193	87	6	9
1134	1135	417	1136	557	141	68	864	419	51	208
231	42	73	74	84	348	1137	4	52	53	54	1138	1139	41	73	74
1140	729	89	1076	48	7	375	6	49	849	6	197	5	79	108
207	52	233	613	70	202	219	119	451	230	39	1141	1142	29	1143	230	41	1
109	1144	1145	1146	35	417	1147	140	141	91	6	92
797	805	376	229	197	8	9	45	162	1148	278	1149	132
1150	296	94	1151	1152	39	44	1153	132	1010	87	79	850	1154	42	403	39	1151	1155	1156	1157	1158	1159	1160
109	1161	145	675	676	417	91	6	92	1162	1163	1164	1165	108	1166	1124	42	457	1167	1168	42
800	164	1169	461	1170	250	196	15	1171	1172	703	1173	758	250	353	374	1174	1175	382	592	457	89	1176
1177	1178	857	709	1179	1180	166	1181	29	1182	1183	1184	528	1185	1184	528	1186	1187	721	1188	1189	1190	1191	1192	1193	1194	1195	1196	1197	1198	1199	1200	1201	1202	264	1203	1204	103	1205	1206	1	1207	1208	209	53	210	1209	6	49	1210	208
231	232	87	6	9	241	60	59	1211	19	73	74	300	145	98	284	1212	1213
109	166	145	1214	73	42	1215	1216	1217	74	42	1214	1218	1219	949	42	48	9
109	1220	240	1221	1222	193	1223	654	156	70	729	1224	209	53	210	8	9	227	219	1224	91	6	78	843	844	201
112	756	423	670	348	39	42	284	1225	1226	330	1227	1228	70	1206	94	1229	244	330	1230	1231	1232	39	160	284	48	7	52	53	210	51	4	51	6	1233
231	638	1205	202	542	661	1234	1235	68	543	6	165	1106	1236	250	87	79	197	953	6	201
264	275	166	70	132	1237	89	977	59	1238	1239	87	79	92	1240	1241	3	6	1242	597	490	1243	189	1146
1244	439	605	202	267	3	6	7	50	6	208	1245	97	1246	1067	1247	48	7	5	6	9	605	15	194	304	209	53	54	244
1030	946	23	1031	1032	1033	73	74	41	1034	298	196
1248	1249	1250	1251	1252	254	1253	417	1254	1255	32	360	331	332	89	119	284	1256	315	352	1257	1258	23	25	26	1259
1260	8	57	5	339	57	1261	73	74	41	1262	1263	1264	82	196
0	119	293	451	235	1265	1266	301	697	1267	399	3	698
109	71	1268	606	650	1269	1270	441	1271	1272	932	166	68	203	204	108
548	1273	1274	1275	778	1276	661	1277	1278	6	201
1279	89	1280	545	113	89	119	360	1281	166	1282	39	1283	1284	99	1285	39	1283	1286	663	41	799	52	49	5	79	197	77	6	78	212	204	201
1287	70	1288	166	284	5	79	366	166	1289	1290	1291	1292	1293	1170	250
52	53	242	1136	277	1294	75	76
804	1295	1296	1297	659	1298	1299	23	229	247	170	471	89	1300	490	1296	1301	1302
212	204	352	178	162	335	39	196	1303	89	41
1003	193	360	35	1161	774	1304	101	513	514	197	744	1120	228
231	638	5	79	352	1305	511	89	119	1306	39	44	403	1307	65	141
1308	15	98	758	1309	2	1310	164	801	21	22	163	484	485	201
1003	41	1311	140	240	1312	42	91	6	78	316	317	216	843	844	216	1030	946	163	1313	6	80
327	232	932	44	209	53	54
327	87	79	92	1314	1315	1316	1317	129	888	460
1318	1319	166	1320	267	119	419	51	49	5	79	108	1321	1	39	99	44
1322	1323	1324	1325	136	137	376	229	898	198	199	92	202	409	1088	6	92	758	118	1326	6	163	800	164	80
198	199	127	460	967	444	308	323	189	1124	424	429	1327	174
1328	1329	311	335	235	1330	140	41	1331	284	91	6	78	1332	6	336	1313	6	1333
1334	973	356	417	1335	50	51	233	1336
52	53	242	1010	777	156	460	1337	1338	1339	459	244	511	1340	1341	75	76	41	963	557	1342	1343	1344
1003	89	119	1345	1346	1347	162	47	41	1	87	6	7	8	9	194	542	87	79	108	194	1080	288	123	6	78	25	6	201
109	607	25	26	27	709	425	561	1319	608	470
534	86	522	1348	87	6	9	223	87	79	108	1349	1350	534	1351	1352	513	514	108	1353	534	1354	87	79	108	1355	534	469	1356	1357	6	92	534	1358	1359	1360	497	1361	1362	624	92	1363	534	1364	1365	1366	519	6	165	1173	1151	417	267	480	1367	1120	228	1368	109	166	1369	788	1370	1371	1372	1373	516	517	1374	856	651	1375	1376	1377	1378
918	545	202	219	1379	87	6	9	48	9	886	603	456	457	452	42	1031	85	76	42	561	1045	244	1380	330	1381
1382	944	490	542	89	119	1383	110	87	79	197	1384	50	163	164	6	165
1385	454	1386	48	1387	460	1388	289	282	227	1389	1390	1391	1392	505
231	232	389	54	1136	351	933	968	296	48	7	5	6	9	1136	70	121	60	73	74
1393	1394	1395	1396	1397	1398	1399	1188	1400	58	1182	1401	1185	1184	1401	1186	323	1402	1403	277	87	79	197	1404	6	9
970	39	240	606	1136	423	47	1405	1046	1047	1048	1049	1050	1051	1052	1053	1054	1055	1056	6	1057	244	606	1058	41	209	53	54	267	240	1059	3	1060
190	1295	193	451	89	42	588	41	1406	209	53	210	51	4	434	435	432	1407	6	432	1408	6	126
1409	1410	1386	1411	59	60	1412	1413	1414	106	107	974	87	79	339	7	8	9
1415	1317	70	890	891	1416	1417	512	422	1418	89	119	87	6	9
1419	71	178	184	156	1420	132	91	6	92
1421	330	609	1422	628	31	32	123	26	80	1423	74	89	1424	18	1425	227	1426	961	73
1140	555	1076	578	119	1427	51	4	50	51	208	194	195	268	1165	6	78	198	199
55	886	1428	1429	156	1430	441	1431	277	1432	6	165	1433	1434	196	159	196
1435	1436	1437	1297	1438	190	243	1297	846	1439	1440	189	973	1441	89	1	1432	6	165	189	1442	68	10	1443	457
1444	193	2	777	203	6	108	478	87	6	7	5	6	92	1445	311	566	1446	1
212	204	352	353	118	354	89	355	202	356	251	357	1447	42
264	91	6	92	681	1448	141
0	268	2	1449	1450	48	7	5	6	7	375	6	49	590	229	898	1451	1452	6	216	229	6	165
745	312	1453	89	417	421	1454	1001	203	204	163	430	226	165	1455	833	1456	1457	153	184	156	974	48	9
797	1424	1458	56	8	57	1132	1459	59	60	977	1460	659	41	554
745	89	119	120	478	156	974	1461	9	1462	1463	48	7	744	1120	228
25	26	27	1141	465	32	557	41	1464	464	249	75	118	680	184	1465	437	798	89	119
1466	173	320	91	6	92	1467	512	1468	77	6
109	280	858	89	290	44	68	5	79	352	1469	280	1470	281	836	202	1471	700	1472	323	1473	277
50	51	233	787	1474	1475	830	1476	251	44	1477	1229	39	99	1478	44	232	1479	1480	1481	1482	189	1386	1483
1484	1485	29	461	25	26	27	448	1486	300	41	1487	1488	1386	360	715
1489	193	729	89	1	1096	1490	184	156	974	196	1491	87	6	9
55	1492	1493	1494	360	1495	1496	311	89	480	1497	733	1096	87	6	9
1498	984	1499	173	649	241	497	987	1254	1500	91	6	989	77	6	990
787	1501	89	1	1502	1432	6	165	1503	1504	1505	1442	243	659	329	944
1506	118	1507	89	119	2	5	79	352
1308	455	308	323	41	71	1508	91	6	1020	1509	1510	1508	1511	1512	478	312	360	478	70	326	194	119
109	102	1513	75	76	1325	227	209	53	54
1514	1515	1516	520	173	320	1516	456	91	6	92
264	1517	1518	202	141	1519	179	654	230	219	141	87	79	108
642	514	352	733	1520	497	457	640	410	1521	564	221	191	677
1089	320	689	1522	44	1523	1524	1525	196	1526	1527	1528	1529	556	1530	1531	267	1532	1533	3	698
55	879	1534	323	349	350	91	6	92	360	1535	1536	517	518	1537	1538	554	1539	6	1540	55	1143	516	1541	70	1542	323	147	457	44	323	1543	202	230
1544	1294	729	1545	1171	318	87	79	78	484	485	201
1546	222	1223	437	35	184	1547	462	464	1548	323	267	268	87	79	108	1549	1304	615	308	419	6	201	521	230	1550	490	543	6	165
1551	1552	1390	1486	1553	586	12	1554	655	230	124	1	511	543	6	165
1013	1028	1555	238	1219	966	5	79	352	1454	267	268	277	1556	39	365	230
109	1557	1558	1340	846	47	59	441	318	755	1224	48	9
1559	723	1560	89	480	1068	103	318	323	1561	1562	1563	1564	135	1033	1235	1565	277	87	79	92	1566	1567	478	1568	156	166	566	485	201	323	1399	1569	733	1570	1571	201
1572	59	60	1573	1574	138	60	1133	48	7	375	750	751	208
1260	1575	846	47	39	370	1465	712	659	323	705	419	6	208
438	371	156	933	138	41	649	503	649	1082	73	89	284	1576	74	89	284	1577	1578	41	1	284	52	53	242	8	57	212	204	352	515	6
1579	70	386	70	447	1580	723	490	33	1420	35	87	79	92
264	333	89	1	1581	483	1206	476	385	944	194	195	268	1165	6	78	1582	6	216	800	164	80
231	638	5	79	352	1583	41	230	1584	1585	202	1586	39	99
1140	311	124	89	480	254	799	52	49	302	6	197	1332	6	80
48	9	707	640	1163	1587	209	53	54	1588	368	43	3	6	153	1465	1230
548	223	222	1455	833	43	559	6	201	1330	140	41	470	91	6	92	89	1589	42	84	1590	1591	215	216	430	226	201
327	452	42	1592	572	244	606	1286	73	1593	74	1594	52	53	242
1382	3	4	8	7	50	49	515	6	92	557	423	1595	202	796	89	1262	557	1464	373	505
1596	335	1460	39	693	284	73	74	1597	1598	52	53	242	121	1599	1	1283	931	1600	304	1601	1602	1603	264	1131	1604	1605	351	659	1058	556	450	1606	1607	1608	153
1260	1141	516	497	1142	681	799	52	49	212	204	197	77	6	78	1609	6	163	164	6	163	800	164	801	1610	6	228
198	199	127	520	711	194	43	542	323	1611	1235
1260	202	1612	87	79	108	1613	1614	811	6	216	1615	6	80	1428	1616
229	247	170	1617	1618	160
55	267	417	91	6	1619	1620	1621	678	42	936	235
787	991	323	526	230	322	1324	132	1622	511	1028	529	1203	758	1	1623	1624	1625	5	6	9
1572	1552	1626	202	219	490	1627	1628	1629	1290	1630	39	202	81	1292	1631	230	1	661	87	79	108
1632	1633	35	323	1151	267	417	1634	99	44	1635	68	5	79	352	1636	1637	1638	166
264	1639	48	9	1640	452	42	1641	1642	1443	381	452	42	73	1093	480	35
