0	1	2	3	4	5	6	7	8	9	10	11	12	13	14	15	16	17	10	11
18	19	20	21	22	23	24	25	26	27	11	28	29	13	30	31	32	33	34	35	36	37	38	39	13	40
41	42	43	44	45	46	47	48	49	50	13	51	52	53	54
55	56	57	58	59	60	61	62	63	64	65	66	67	68	69	66	70	71
18	72	73	74	75	76	77	13	78	79	80	58	59	81	69	82
18	83	48	84	85	75	58	59
55	86	87	88	89	90	12	13	91	92	93	94	95	96	97	98	99	100	101
102	103	104	105	106	90	103	107	108	109	96	110	111	112	113	114	115	13	14	116	13	26
90	117	118	119	95	120	121	122	123	124	88	125	126	127	128	129	46	130	131	132	133	134	135	136	96	137	138	32	91	134	139	136	96	140	77	141	142	126	143	144	145	36	146	128	147	77	141	148	146	128	149	12	13	91	146	128	150	151	152	93	96	153	154
155	156	157	93	158	97	159	153	12	13	91
160	161	162	153	163	164	165	166	167	168	103	169	170	171	172	173	174	77	13	175	132	176	177	178	179	180	181	182	17	90	183	184
185	186	187	90	156	157	63	188	189	72	73	190	191	110	111	192	193	26	194	195	196	197	198	176	177	199	200	201	202	203	204	26
205	206	207	208	209	210	211	212	213	214	215	207	208	216	217	218	78
155	56	57	156	153	45	107	66	219	153	64	65	66	58	59
220	221	222	223	92	27	11	28	210	224	225	226	29	13	26
132	198	176	177	227	228	229	230	231	232	233	234
235	236	237	191	238	239	240	241	242	239	63	243	244	107	245	69	246	247	199	45	107	248	58	249
250	66	251	252	253	252	254	255	207	256	257	258	259	260	107	9	261	262	252	254	263	264	12	13	91
205	265	266	54	90	63	267	268	269	241	4	270	271	272	273	191	50	13	51
274	29	13	26	275
276	277	157	118	48	226	278	279	280	281	282	13	40
155	283	191	284	285	191	236	191	58	59	286	145	247	191	287	67
288	13	26	289	13	26	290	13	26	291	13	292	225	268	293	27	11	294	295
276	296	297	298	299	300	301	170	302	303	304	305	74	306	307	308	309	310	311	312	313	21	314	315	316	13	317	318	319	320	13	321
322	323	324	325	326	182	17	327	328	329
330	331	332	333	334	335	321
55	271	336	337	338	21	217	218	78
339	268	261	107	340	341	325	3	82	342	343	198	176	177	64	65	107	90	344	193	26	345	346	347	107	48	268
18	348	349	350	351	352	284	224	353	29	13	354
355	356	82	357	358	359	360	177
361	90	362	363	364	365	107	349	366	13	177	367	268	63	368	29	13	26
369	370	371	372	373	374	375	238	376	246	247	377	82	58	317	378	145	247
322	379	191	380	381	382	338	58	317	383	13	40
44	45	384	385	210	94	95	29	13	114	386	13	114	387	13	114	388	389	26
322	390	391	168	103	170	95	392	393	50	13	51	394	59	395	13	51	110	13	51
132	198	176	177	396	397	398	399	400	401	13	321	402	151	155	403	404	405	406	61	407	408	409	410	411
276	412	256	413	414	415	25	416	22	417	418	97	419	420	421	422
423	170	424	90	282	13	111	383	111	425	335	111	192	193	114	386	13	114	426	427	247	428	429	63	430	431	48	170	432	229	170	433	258
434	256	435	436	437	27	11	28	226	438	90	439	440	16	30	16	26	90	441	442	182	17	443	444	445	224	446	447	13	133	448	449	13	133
450	451	60	452	61	453	168	103	48	210	454	455	456	457	109	96	458	86	50	13	111	459	13	319	460	461	462	463	456	464	465
155	466	256	107	467	107	468	469	470	471	472	473	474	90	210	12	13	14	475	476	477	234	242	3	381	478	479	480	103	481
132	176	482	483	484	104	27	11	28	343	485	486	487	73	75	488	48	103	226	489	226	463
490	491	83	492	493	494	13	319	495	496	321	497	498	156	58	59	64	65	481	66	499	500	156
322	501	502	503	504	505	48	504	506	507	508	509	510	511	512	513	82	24	25	26
155	452	514	515	111	516	177	517	518	519	520	82	521	519	82	522	523	524	525	526	527	528	529
530	226	64	65	45	46	531	226	451	532	114	94	95	288	13	26	30	533	534	535	536	406	210	95	537	538	539	540	313	541	542	543	13	17
544	545	546	547	548	549	550	511	337	551	507	552	514	515	111	553	13	321
41	554	90	210	348	473	555	556	359	360	175	557	13	111	558	13	321	559	560	1	90	226	441	556	77	13	175	561	13	175	562	13	111	563	564	13	563	565	13	563	566	13	319	567	13	40
450	568	569	570	153	154	61	295	571	12	13	14	572	573	476	574	89	575	83	576
336	54	443	577	439	578	319	421	218	78
579	580	544	581	155	313	325	554	10	418	323	359	360	177
582	583	584	382	66	585	586	587	348	107	359	360	177
588	589	256	226	590	591	592	593	52	500	54	594	595	210	596	418	97
597	103	258	598	599	600	96	600	601	602	603	604	548	514	515	321
605	103	481	606	457	607	608	609	6	600	610	611	612	613	612	614	317	615	13	111	616	13	17
55	617	507	618	619	620	621	622	318	623	624	625	626	556	600	96
627	492	258	92	548	493	494	13	319	628	629	40	345	229	630	631	13	632	633	613	318	59	634	156	635	636	637	370	638	639	496	13	59
18	640	641	103	642	643	393	75	644	226	645	646
647	473	348	648	439	22	649	23	24	25	26	448	650	645	651	13	17	536	406	652	13	114	653	16	17	27	11	654	203	204	114	588	17
655	58	59	372	82	656	657	600	96
171	195	196	174	75	658	54	577	439	578	319	421	218	78
361	659	104	660	338	439	245	335	661	662	515	663	664	553	665
514	515	321	666	667	668	291	13	669	670	671	672	673	27	674	675	556	676	13	17	677	79	678	679	103	441	90
680	681	61	682	683	600	97	323	158	96	684	110	111	685	360	175	116	13	114	386	13	114	686	13	91
155	569	687	688	95	689	690	691	692	27	11	28	693	694	309	439	695	696	697	299	698	50	13	315	383	13	319	459	13	111	699	13	319	700	13	613	193	701	175	702	13	78	703	704	42	278	705	93	94	439
706	707	708	242	709	710	711	712	713	714	333	437	715	13	177	716	334	335	321	27	11	28
55	717	75	463	199	200	718	181	719	600	720	76	24	25	26	721
722	723	568	724	725	296	297	298	439	726	727	728	729	27	11	730	110	111	731	13	732	733	13	175	685	360	175	116	175	32	320	26
734	104	735	96	736	168	103	258	245	44	45	384	737	50	13	111	685	360	177	171	172	738	197	198	176	177	64	65	739	110	111	192	193	26	740	741	742	638	393	743	744	745	746	550	536	448	667
55	79	747	748	749	750	751	24	25	26	752	753	754	256	600	755	756	757
322	758	457	224	90	499	54	759	426	112	13	175	114	425	335	111	760	13	26
55	761	304	258	48	64	65	762	690	763	13	59	764	765	766	767	690	768	769	770	771	772
276	773	323	50	13	51	237	75	69	48	226
774	775	776	282	13	40
0	484	777	268	97	778	82	779	418	50	13	51
339	370	780	781	782	58	317	415	25	26
514	515	321	783	536	784	785	786
0	1	787	437	103	258	788	191	789	359	360	177	790	791	13	114	686	13	91	647	203	204	26
471	166	385	90	676	13	17
155	153	792	596	793	82	358	681	794	795	359	360	177	441	556	796	797
155	107	798	92	63	799	800	801	754	763	13	59
802	803	804	604	96	805	600	806	791	13	114	807	808	809	810	26	811	812	27	674	430	813	113	496	114	16	204	26
814	241	536	245	27	11	815	625	816	817	818	819	820	349	332	821	822	234	90	282	13	319	383	321
155	207	208	823	66	824	825	82	826	827	203	13	563	318	59	828	829	208	216	22	830	831	573	78	832	314	13	321	833	196	217	218	78
662	515	663	660	716	75	27	11	577	48	834	671
276	835	836	357	156	157	49	837	50	13	51	49	838	50	13	321	839	110	321
361	840	66	841	842	82	617	507	86	331	843	844	82	282	315	845	13	315	557	13	51
846	847	848	849	491	850	851	848	852	853	854	855	850	359	360	177
856	288	13	26	857	858	191	224	63	859	48	69	347	107
685	360	482	860	828	82	861	456	862	54	370	863	864	418	865	168	103	75
544	107	372	297	866	13	867	168	868	13	59	869	870	871	13	872	650	873	874	13	393
361	860	828	168	103	104	348	22	44	45	384	50	13	51	64	65	104	110	13	319	192	193	177	875	876	877	13	40	178	179	878	203	204	26	879	880	46	881	13	177	882	883	884	13	177	171	172	738
885	886	858	66	27	11	28	693	887	425	335	663	888	331	332	118	819	859	889	890
155	891	892	893	83	58	59
471	894	895	896	156	93	29	13	26	157	63	268	897	765	766	64	65	740	103	44	45	898	899	900	349	350	104
901	90	902	903	675	904	905	906	50	13	111	16	204	114	907	13	91	299	90	908	903	909	910	911	13	732	912	913	732	914	516	175	915	13	14	916	13	476
361	917	918	919	210	344	193	114	116	13	114	386	13	114	16	204	114	388	389	26	463	224	920	96
205	82	921	555	90	226	359	360	177	441	90	226	922	13	111	565	13	563	564	13	563	561	564	175	923	13	177
924	925	297	926	372	27	11	28	676	13	30	927	13	928	903	929	930	931	932	933	13	36	934	74	935	13	928	936	937	13	111	938	939	91
940	835	941	820	82	942	107	943	191	199	944	107	248	74	58	59	451	90	110	321
155	945	946	947	948	82	949	288	13	26	950	82	345	951	952	88	277	953
55	954	685	360	92	69	97	955	956	520	82	957	536	958	82	337	667	851	359	360	177
647	345	959	960	166	961	74	962	13	78	963	870	645	24	25	26	448	650	645	203	964	26
18	385	83	323	588	965
50	13	51	50	13	321	966	789
155	54	444	157	225	103	226	64	65	384	641	103	44	45	384	967	968	969	29	13	26
970	971	243	90	972	514	515	321	366	13	26	291	13	669	973	480	170
276	299	188	237	191	473	348	536	406	439	296	297	298	974	27	11	28	693	203	204	26	963	870	23	24	25	26	536	406	972	886	651	16	17
471	294	308	975	976	977	978	957	979	82	980	48	258	534	54	981	30	923	141	982	983	984	985	116	13	26
544	761	304	155	986	95	691	692	987	28	695	299	972	50	13	315	383	13	319	988	426	112	175	116	13	114	989	13	476	703	704	42	278	705	93	94	439
55	86	990	991	992	993	991	994	155	83	348	92	76	58	59
276	50	13	51	50	13	321	54	995	600	96	996	54	997	600	96	996
706	372	636	210	998	999	44	45	384	47	1000	13	1001	64	65	384	739	1002	999
471	166	345	1003	104	721	1004	1005	438	800	801	1006	1007	1008	175	415	25	26
276	284	275	644	44	45	46	1009	521	1010	359	360	177	441	556
1011	480	258	514	515	321	1012	553	321	1013	928	684	548	1014	337	511	27	674	1015	957	603	11	1016	63	602	674
155	69	83	1017	1018	107	50	13	51	1019	1020	824	313	1021	1022	1023	1024	1025	1026
680	345	1027	305	74	962	13	78	1028	936	24	25	26	27	11	28	1029	555	96	1030	16	26
155	829	256	1031	415	25	416	753	1032	717	1031
1033	1034	210	48	437	103	1035	1036	45	191	50	13	51	72	73	110	13	40	1037	1038	877	13	40	1039	1040	644	465	1041	210	698
155	256	381	478	1042	698	203	204	114	160	161	476	1043	1044	1045	133
278	300	1046	229	1047	1048	210	282	13	319	383	321	887	1049	226	52	54	1050	1051	521	158	96
276	647	1052	153	1053	649	23	156	753	1054	1055	1056	1057	554	1058	1059	1060	1061	1062	1063	833	208	216	217	218	78
544	1064	90	441	556	182	17	555	1065	1066	460	59	1067	556	1068	13	91
155	1069	66	251	1070	1071	9	610	456	1072	1071	258	1073	1074	17	12	13	91
1075	103	1076	1077	27	11	28	245	514	515	111	425	335	1078
171	172	738	197	1079	393	64	65	190	75	763	13	59	1080	103	104	1081	1082	348	473	338	439	217	218	563	1083	13	732	318	59
18	1084	418	1085	318	623
1086	226	588	965	647	1087	418	865	452	82	1088	936	107	1089
1090	188	104	348	90	1037	1038	877	13	40	301	191	110	111	192	193	26	647	203	204	26
361	840	532	1055	1091	1092	1093	155	1094	1095	1096	1094	1097	12	13	91
423	437	103	104	568	569	1098	439	473	348	345	1099	1100	1101	360	1102	13	1103	1104	1105	1106	210	1107	1108	1109	610	600
1106	1110	182	17	153	1111	1112	430	1113	1114	1115	1116	952	54
336	1117	486	1118	345	1119	781	54	338	1120	86	217	218	563	1121	13	985	132	176	175	1122	13	36
1075	1123	1124	1125	536	660	803	1126	1127	613	1128	13	563	421	218	78
276	1129	1130	480	170	668	670	514	515	321
155	89	1131	48	178	179	878	12	13	91
1132	226	1133	1134	23	226	217	218	78	54	1135	94	439
276	284	66	805	27	674	1098	296	297	1136	72	73	190	481	763	13	59
1137	350	919	210	366	13	1138	387	13	114	16	204	114	1139	13	114	32	320	26	157	792	353	920	96
1140	1141	1142	594	358	54	1050	569	1143	1144	1145	1146	1147	540	1148	1149	1150	1151	1152	1153	1154	1155	1156	1157	1158	1159	1160	1161	1162	1163	1159	1164	1165	1166	1167	1168	1169	1170	1171	1172	1173	1147	540	1174	1175	1176	1151	1177	1178	1179	1155	1180	1181	1182	1159	1160	1183	1184	1185	1159	1164	1186	1187	1188	1168	1189	1190	1191	1192	1173	1147	540	1193	1194	1195	1151	1196	1197	1198	1155	1199	1200	1201	1159	1160	1202	1203	1204	1159	1164	1205	1206	1207	1168	1208	1209	1210	151	152	1054	96	282	13	40	556	555	903	1040	54	750	1211	1212	1213	1214	441	90	94	439	1215	1216	1217	1218	1219	1220	1221	1222	1223	1211	1212
50	13	51	1224	1225	1226	313	74	226	1227	224	1228
155	75	641	103	638	393	601	1229	645	1230	645	1231	1232	1229	645	1233	1234	1235	1236	1237	1238
151	1239	1240	650	1241	1242	1243	1244	650	1245	859	1246	650	1247	859	1246	650	1248	859	1246	650	1249	507	1250	151	1239	859	1085	1241	1242	1251	1252	1253	1254	1255	1256	1257	1258	1259	1260	1257	1258	1261	1262	1263	1264	1265	1266	1267	1268	1269	171	172	1270	1271	18	1031	1272	217	218	78	48	194	195	196	1079	40
276	554	90	348	675	904	245	50	13	111	16	204	1273	1274	904	245	1275	1276	111	1277	1074	1278	1279	1280	245	1281	1282
1283	1284	63	1285	204	26	716	1286	13	91	480	1013	13	1287	103	104
1288	352	781	896	104	1108	1289	82	439	1290	13	732	415	25	114	686	13	14	572	573	476
276	66	323	685	360	482	1291	650	1292	1293	1294	151
1295	1296	69	530	1297	69	323	1225	1000	13	1001	226	48	1298	1299
18	178	179	180	962	13	732	415	25	26	1300	1301	381	382	1302	568	569	570
544	462	345	1303	27	11	28	463	1304	1305	61	63	443	168	103	191	194	195	196	197	199	200	201	202	759	426	112	1306	113	114	588	30	1307	13	36
544	334	335	321	63	1308	507	82	1309	1310	1311
1312	191	44	45	384	50	13	315	685	360	78	345	1313	54	1314	1315	1316	1317	1318	1319	51
544	156	1320	29	13	26	1321	344	193	26	1322	288	13	26
1323	370	345	1324	1325	74	439	934	74	58	59	987	28	110
18	194	195	168	1326	1031	1272	217	218	78	23	1327
355	1328	303	713	11	713	328	1329	348	1330	1331	521	1329	359	360	177
151	156	226	63	103	1076	1332	1333	343	753	343	1334	1335	158	97	156	221	210	1336	94	95	226	29	13	26	489	226	1337	1338	13	26	1339	226	366	13	26
1288	439	537	1340	886	183	925	90	676	13	30	1341	13	14	927	13	928	1088	936	1342	13	732	1343	30	1344	939	30	938	939	91
276	1129	96	736	1345	864	1346	341	507	296	297	1347	617	650	191	54	288	13	26
155	1348	812	27	11	28	210	29	13	26
1349	1350	48	66	288	13	26	63	347	191	857	224	297	1351	1027	650	48	191
343	54	443	577	439	578	319	421	218	78
530	226	1352	1226	521	1010	1351	1302	358	359	360	177
1106	256	1031	1353	1354	1355	69	650	1356	812	82	98	88	454	717	256	1031	24	25	26
205	1065	1357	299	1358	728	297	1359	1283	210	92	600	865	1360	1361	1362	966	514	515	111	516	177	1070	644	1363	465	1364	1365	1366	1367
276	284	1368	489	90	75	468	90	54	1369	198	176	177
1370	1085	82	525	650	958	842	288	13	26	155	418	97	90	104	290	177	1371	934	536	1372	650	1373	1374	1375	1374
740	103	29	13	26	171	172	738	289	13	26	178	179	878	203	204	26	348	226
64	73	191	1376	1377	316	13	317	1378	874	13	51	325	1379	191	598	1380	1381	1382	1383	1384	1385	536	1386	1387	1388	1389
1390	295	1391	199	1392	191	333	348	1393	1394	934	83	318	623	378	145	1395	662	482	1396	191
1288	1397	1398	42	1399	439	50	13	315	383	111	699	1400	536	1401	1402	1403	1404	1405	1406	1407	454	1408	151	1400	536	13	40	418	90	95	536	619	650	843
46	280	277	343	350	1409	217	218	78	256	1410	1411	830	1412	1290	13	177	1413	1414	1415	1416	1417	151	649	23	280	1418	152	1419	79	463	1420	1421	1422	824	1423	82	1424	1425	1426	1427	1428	1429	1430	1420	1431
322	554	90	1432	444	203	204	114	425	335	321	254	1433	1434	444
155	551	1076	372	64	65	110	111	386	13	26	44	45	46	47	50	13	111	386	13	26	832	366	13	26	1435	48	103	1436	496	26	171	172	173	198	176	177	764	765	766	1437	1438	75	29	13	26	1439	55	448	90	1	258	1440	431	650	1441	1442	1443	1299
846	1444	156	345	1445	1446	820	1447	1448	140	136	96	1449	1450	138	32	91	29	13	26	1451	1452	430	1453	109	96	344	193	26	1454	1452	430	1455	82	1456	1457	136	96	1458	1450	1459	1460	1456	1461	136	96	1458	1450	151	544	594	210	90	1462	79	1446	820	1447	1448	1463	136	96	138	32	91	1464	507	1465	1456	1466	136	96	1458	507	1467	1290	13	177	1468	1469	234	217	218	78	1470	151	544	594	210	1271	1471	79	1472	1456	967	1473	1474	293	1475	54	1476	341
544	1477	1478	1479	27	11	1480	1481	10	11	110	111	459	13	40
276	357	645	1212	27	674	1482	1483	1484	600	610	437	103	351	1485	1070	1486	1487	1488	437	1489	1490	1491	437	1490	514	515	111	425	335	321
128	1492	1493	276	554	90	972	555	556	934	1494	82	1495	1027	961	82	1496	843	536	359	360	177
361	199	72	73	107	1497	1498	849	763	13	317	1499	319	320	13	321	1497	1500	1501	1502	1503	1504	1505	1506	1507	1508	195	1501	1502	1509	1510	1508	195	418	195
155	1361	63	256	1511	1512	347	1513	1514	1515	962	13	732	415	25	26
1106	1421	1003	1516	1517	1518	345	1519	68	1008	175	415	25	26
155	1520	1521	1522	90	1523	1524	104	1037	1525	877	13	319	1526	13	247	44	45	46	1290	13	114	1527	17	72	73	344	193	175	1528	13	26	194	195	196	198	176	175	561	564	175	387	26
1033	462	1529	90	210	465	788	170	679	103	480	103	676	13	30	1530	1343	91	1531	819	958	1289	118	1532	1533	91
1225	50	13	51	226	789	1534	210	1535	610	1536	903	63	859	82	1129	650	1537
901	1538	168	103	258	660	536	406	299	203	13	563	1539	16	114	386	13	114	1540	145	36	108	1541	1542	1543	921	1544	1545	1546	536	406	1547	1548	319	566	13	319	1549	111	1550	1551	175	204	13	985	1552	13	1553	1554	13	928
1555	90	322	758	457	90	224	198	176	175	32	320	114	1556	13	732	459	13	321
18	357	54	1073	1074	17	12	13	91	1557	619	1558	1	1559	1560	1325	717	256
1561	1562	491	650	1563	370	58	59	1564	1237	48	83	638	393	69	107	1565	13
18	484	66	1566	90	207	74	110	111	685	360	175	686	13	91
361	1117	757	1567	1568	1569	1524	21	336	1570	217	218	563	1571	13	563	421	218	78	1572	1573	1574	1575	991	1233	1576	648	1577	1578	1579	1328	1580	1581
155	170	660	154	1582	1583	636	1584	1585	732	161	562	17	168	103	48	1586	1528	1587	114	116	13	114	16	204	114	686	145	1588	1589	13	1590	433	1591	1592	13	732	914	516	177
1593	554	156	1594	1595	218	78	1596	366	1597	26	1598	24	25	26	1599	1290	13	177
336	345	1600	348	23	217	218	78	27	11	28	1601	1104	563	1602	387	177	54	1603	1508	1604
734	104	69	50	13	315	685	360	78	875	1525	107	1605	13	563	132	78	199	200	201	203	26
1606	650	82	0	191	97	617	650	82	1607	1608	58	59	372	63	859	1350	1021	1022	458	1609	1610	1611	82	507	843	1612
1613	647	385	226	1614	182	17	226	350	336	1615	13	17
1616	210	350	170	29	13	114	386	13	26
706	156	52	600	1051	42	278	600	96	600	96	168	103	210	42	278	27	11	95	50	13	315	557	13	111	383	321
301	83	48	318	1617	961	83	76	1618	1619	416
