0	1	2	3	4	5	6	7	8	9	10	11	12	13	14	15	16	17	18	19	20
21	20	22	23	24	25	26	27	28	20	29	30	31	32	33	0	34
35	23	36	37	38	39	40	5	6	41	42	43	30	44	45
46	47	48	5	49	50	51	52	53	54	55	56	57	58	59	60	61	30	44	62	63	20	64	61	65	44	66
67	68	69	20	23	70	71	39	72	73	43	30	31	66	68	74	75	76	20	77	78
79	80	81	43	82	83
84	85	20	86	87	88	89	90	20	23	91	92	93	94	95	0	44	96	33	44	97	98	99	100	101	44	102
103	104	105	106	107	108	109	110	111	112	113	61	114	115	116	30	31	32	117	44	66
118	119	120	4	20	121	122	123	124	125	126	127	128	129	130	5	20	131	132
133	134	135	23	5	20	136	137	138	134	139	140	141	44	142	143	5	144	57	145	146	147	148	149	150	151	152	153	154	155	156	157	158	159	160	161	162	163	155	164	5	165	166	57	167	168	30	44	169
133	20	170	171	172	173	174	175	176	150	55	177	178	179	180	181	182	183	184	185	186	187	188	189	190	191	192	193	194	5	20	23	195	196	5	23	197	44	198	122	83	199	23	30	44	198	200	44	66
46	14	201	14	202	203	204	205	206	207	66	208	14	209	210	211	212
33	31	213	214	215	26	216	217	218	219	220	221	222	223	188	49	224
225	226	227	228	229	39	230	231	232	233	49	234	235	236	49	234	237	238	239	33	0	240	241	242	243	244	245	234	246
225	247	248	8	249	250	16	251	252	253	254	255	56	256	257
46	258	229	259	260	261	155	262	263	94	264	265	94	95	0	44	66	266	229	267	117	1	96	0	268	96	269	66
270	271	272	56	19	20	87	273	274	4	144	267	1	275
46	20	276	33	31	213	277	276	218	278
279	280	281	282	283	284	285	286	287	288	283	289	290	291	292	293	286	287	294	295	296	297	298	282	299	300	288	299	301	294	302	303	304	305	130	306	263	94	307	93	94	308	267	308	309	310	16	311	312	313	267	314
315	5	56	316	317	318	319	49	320	321	249	322	323	324	325	326	5	49	93	94	308
270	327	328	329	267	44	330
331	20	332	333	36	334	335	336	337	338	339	44	340
270	341	319	342	343	344	345	346	92	347	348	349	345	121	350	166	351	82	352	33	44	353	33	31	32	354	34
225	355	356	357	16	358	359	360	361	337	338	339	44	340	8	362	363	364	365	13	366	367	368	369	370	26	366	371	372
373	146	374	375	376	145	377	207	213	378	379	5	20	276	380	0	381	382	383	384
225	385	386	387	47	5	16	30	44	62
122	123	276	272	388	26
389	20	8	5	144	362	87	88	89	90	20	23	390	130	23	54	391	392	393	93	94	95	0	44	96	33	44	97	269	32	98	99	34
46	394	52	395	312	313	396	395	397	398	399	19	20	87	400	401	13	14	402	16	17	267	1	275
287	20	276	403	5	404	82	405	406	407	322
270	408	54	49	8	409	410	4	19	20	87	411	272	412	402	413	267	1	275
414	89	20	130	415	416	417	418	419	420	92	30	44	198	377	207	32	0	44	66
421	422	33	31	213	423	424	112	20	425	78
426	427	428	429	430	431	426	55	432	5	433	434	30	0	34	435
67	16	436	4	6	6	112	437	272	412	438	8	439	4	440	0	1	2
441	442	443	444	445	446	30	44	97	447	44	314
225	448	212	229	276	449	450	154	451	320	307
421	452	23	453	454	13	5	455	456	457	458	271	459	14	230	231	460	44	96	461	44	95	462	44	100	463	44	95	464	44	95	465	44	466	467	468	100	469	44	198	470	44	198	471	44	95	472	44	308
473	121	474	475	476	82	405	33	66	477	26	55	478
270	425	479	480	481	4	482	8	276	122	123	26
483	272	484	485	4	484	486	19	484	487	4	488	489	490	19	488	489	491	4	492	489	493	19	492	489	494	33	495	31	213	496	0	44
473	497	498	107	499	500	85	49	27	501	416	502	352	503	504	95	249	505	198	506	503	34	507	5	49	30	31	32	0	1	198	508	509	34	510	49	511	44	96	512	513	96	514	509	314
515	20	245	516	440	82	405	33	44	275
287	517	518	446	519	520	5	267	44	66	521	522	523	524	20	525	519	526	519	527	528	529	530
122	123	104	531	532	533	534	535	536	81
122	123	537	130	5	16	538	539	23	540	337	338	14
541	233	49	542	543	544	545	43	8	546	309	474	547	548	474	267	44	96	269	32	467	468	100	98	99	34	236	23	261	71	39	549	43	550	551	50	13	552	553	30	44	97	33	44	45
190	87	554	16	555	245	508	523	213
67	30	44	275	556	557	558	559	557	558	26	560	26	561	562
563	564	565	40	144	267	1	275
0	1	2	20	77	437	566	272	567	5	56	568	218	564	266	16
133	569	570	27	558	571	572	573	27	574	75	575	69	20	23	576	33	31	213	577	578	571	20	23	354	579
103	580	14	358	359	360	581	582	337	338	339	44	340	583	584	585	586	587	588	392	85	589
590	394	591	592	440	593	594	595	49	596	110	113	61	597	598	599	600	203	204	205	206	207	66
133	390	601	55	602	223	188	603	57	604	605	606	607	63	61	608	609	557	610	82	405	122	611	321	33	44	62
508	523	612	613	614	2	615	616	617	618	49	619	16	620
621	227	5	20	306	267	33	314
622	502	322	327
190	20	623	624	267	268	330	625	626	627
628	629	630	4	5	56	631	632	633	634	615	88	635	636	346	637	20	638	549	43	532	20	11	82	405	639	44	314	272	5	640	22	641	642	643	30	44	353	33	611	34
644	8	645	646	16	647	648	71	649	650	16	651	652	653	245	30	31	66
133	390	0	268	654	269	213	655	309	5	49	544	129	656	90	657	658	659	168	589	660	661
662	20	663	664	665	398	57	8	666	667	668	669
670	671	672	20	276	673	674	675	30	44	353	269	32	0	34	676	411	677	678	679	680	180	681	682	683	680	180	681	684	685	680	180	681	686	687	680	180	681	688	689	680	180	681	690	691	680	180	681	682	692	680	180	681	693	694	680	180	681	695	681	680	696	697	698	188	114	57	699
700	701	49	702	13	53	274	14	267	44	330
703	704	705	706	707	23	91	5	20	522	523	32	117	44	100	0	33	708	269	709	710	711	504	712
33	31	213	713	714	5	20	77	715	217	716	717	354	579	718	714	77	437	577	719	715
720	721	5	722	661	48	723	724	725	44	102	88	89	726	727	44	102	658	728	444	729	102	256	721	5	730	13	444	5	49	206	207	66
225	559	645	731	440	732	733	440	714	20	77	734	34
735	736	16	380	249	250	737	738	739	740	741	742	743	744	26	577	745	746	747	748	741	742
749	130	5	20	750	751	228	752	233	23	30	0	34
103	539	77	20	91	267	44	330	559	753	309	20	267	44	330	713	754	28	52	77	755	557	756	294	16	527
270	589	14	209	377	207	213
757	130	23	91	5	20	92	380	236	312	52	30	0	34
720	758	759	758	20	760	761	362	646	741	742	276	122	123
46	276	354	579	746	33	31	213	762	763	764	57	531	763	218	765
766	114	561	585	767	768	663	769	668	669	54	770	771	772	773
774	247	17	775	49	776	777	778	779	224	16	30	44	66	780	16	781	66	8	782	783	784	229	276
354	579	785	786	787	788	276	4	56	714	23	507	531	577	789
790	446	5	20	23	791	4	56	195	122	123	668	44
792	5	20	793	794	795	796	797	798	114	339	44	340	799	800	801	504	96	802	44	712	803	635	804	44	805	806	44	712	803	41	807	808	809	810	44	102	8	811	244	812	122	710	813	44	712
133	26	814	815	446	776	5	20	30	44	275
816	817	818	819	229	820	714	20	77	30	44	62	821	822	823	26
46	824	20	23	632	825	826	539	827	57	319	320	321	249	322
828	829	830	444	803	41	245	47	23	831	20	832	309	20	259	267	44	66	833	223	188	16	30	44	66
133	834	835	708	230	231	209	836	229	837	85	412	838	337	338	339	44	340	839	412	838	840	841	44	275	842
843	5	49	543	544	43	655	267	268	96	269	66
225	844	425	130	49	845	267	44	846	479	30	44	66
441	803	554	847	267	33	314	848	849	850	851	852	853	163	854	855	856	26	857	858	859	860	851	861
862	749	129	354	579	410	863	719	765	354	579	864	865	718	866	867	865	718	866	868	867
21	869	48	5	49	870	736	803	5	433	30	0	34
871	872	873	271	203	230	231	206	207	66
133	5	874	875	110	412	380	122	123
103	112	14	202	337	338	339	44	340	583	584	585	358	359	360	581	876	877	392	85	589
878	879	880	77	651	33	31	213	881	324	5	49	267	33	708	101	44	314	702	882	233	236	883	884	77	538	383	49	636	72	707	885	886	168	887	888
889	890	890	891
225	355	892	16	635	893	230	231	460	44	96	461	44	95	462	44	100	463	44	95	464	44	95	465	44	466	467	468	100	469	44	198	470	44	198	471	44	95	472	44	308
894	895	896	897	91	898	154	259	214	899	900	221	901	902	668	669
621	121	903	697	190	168	5	188	904	789	557	905	906	907	908	276	82	83	713	789	57
668	909	910	911	245	668	912	913	914	915	450	306	916	917	231	668	918	919	307	920	440	921	922	923	536	56	112	924	925	926
927	928	929	741	742	16	930	69	77	931	13	932	52	450	276	898	370	320	307
270	933	272	789	0	1	2	934	935	401	413	5	16	583	936	272	937	531	938	188	19
21	446	304	559	939	113	55	557	82	405	668	44	940	941
942	378	943	908	276	77	944	498	81	82	945	46	129	276	946	947	948	869	379	77	949	26	950	951	952	413	596	953	954	544	955	548	474	956	908	69
957	958	820	959	960	651	961	962	803	963	964	803	115	30	44	62
270	114	337	338	965	966	339	44	340	316	5	789	935	967	809	93	94	308
816	713	754	20	77	52	276	267	44	330	968	892	77
816	969	226	970	971	188	564	972	973	974	970	975	85	26	976	5	188	977	793	970	650	229	247	267	33	708	101	44	314	978	979	980	46	981	203	982	255	983	167	697	984	854	985	85	26	395	986
373	987	988	71	989	77	990	991	77	77	33	31	213	48	992	993	994	743	995	996	997	259	998
225	999	425	1000	635	203	230	231	206	207	1001	201	425	355	8	112	113	55	1002	8	1003	1004	331	992	1005	8	995	996	997	20	444	1006	1007	1008	46	872	26	647	16	1009	871	1010	1011	1012	871
698	473	1013	270	394	1014	362	908	16	425	788	276	82	83	778	779	276	30	44	45	1015
270	20	375	4	5	20	537	267	44	330	554	362	379	276	629	630	1016	44	1017
441	144	1018	272	5	722	30	44	45	1019	231	400	229	1020	9	1021	223	188
133	236	20	5	56	1022	1023	188	937	20	1024	1025	1026	188	82	405	33	44	45
287	196	519	520	1027	77	16	317	1028	77	1029	1030	1031	668	896	249	250	49
225	1032	425	16	26	267	33	708	101	44	314
133	746	20	77	354	579	1033	714	26	719	577	715
599	1034	110	113	55	206	207	66
1035	415	20	1033	1036	635	230	231	32	1037	1038	414	1039	1040	1041	206	207	66
1042	92	5	20	477	661	49	1043	734	34	1044	1045	43	81	476	27	714
33	31	213	33	611	579	226	129	803	40	20	20	860	23	1046
46	1047	1048	1049	1050	1051	385	1052	1053	33	0	579	585	1054	1055	8	48	5	49	1056	1057
373	1058	425	1059	446	304	272	5	20	267	1	198	117	1060	198	1061	33	31	66	46	1062	1063	1064	1065	1066	582	1067	14	1068	1069	1070	1071	1072
354	579	1073	1074	77	1075	607	61	219	217	937	188	1076	714	77
46	236	16	1077	479	30	44	198	33	31	66	713	9	1078	1079	548	1080	533	591	536	188	17	854	17	1080	1081	557	1082	1083	1084	398	57
0	1	2	188	388	516	87
1085	1086	1087	1088	864	20	638	549	43	741	742	82	83	1089	188	1087	1090	40	1091	1088	864	1092	276	1093	1094	1095	1096	1097	1098	214	33	44
1099	981	1100	267	44	330	1101	64	519	1102	627
1103	335	796	793	1104	5	20	835	230	902	1105	206	207	32	0	44	34
373	1058	236	49	1106	1107	1108	1109	26	217	937	1110	1111	1112	1113	653	39	30	31	66
287	374	276	91	267	268	330	309	5	319	119
46	1114	20	803	569	702	8	845	210	211	313	130	5	20	47	221	635	446	1115	206	207	32	0	44	1116	0	44	846
225	1117	1118	1119	163	1120	316	527	1121	1122	46	77	54	8	1123	449	450	320	307	554	276	1124	44	100	1125	1126	314
287	1127	267	33	314	1128	1129	380	1130
46	1131	16	1132	44	66	1133	1134	16	479	30	44	66	236	5	16	845	267	44	66	233	5	16
46	49	425	845	267	44	330	479	30	44	275
621	1135	130	5	1136	4	1137	405	1138	1139	1140	94	95	0	268	96	1141	44	62	272	20	1142	1143	1144	1145	44	45
1146	753	71	39	741	742	1147	544	77	163	1148	33	31	213	1149	132	755	551	26
46	879	77	33	31	213	383	23	0	33	1150	101	44
67	850	569	1151	1152	1153	444	1154	16	651	4	16	14	209	203	230	231	206	207	66
315	1155	227	518	1156	121	1157	276	1158	320	307	820	276	30	44	62	881
1159	94	669	999	1160	229	43	1161	361	1162	585	1163
33	31	213	655	87	1164	567	188	1165	413	4	20
225	671	714	4	1166	20	77	354	579	787	4	20	276	122	123
287	1167	1168	1169	36	1170	1171	474	4	144	549	546	20	544	43	82	405	0	308
201	910	761	803	668	669	183	1172	1173	1174	1175	1176	1177	1178
33	0	579	226	106	1179	1180	946	20	121	1181	294	290	69	20	23
225	1182	1183	1184	835	100	230	231	267	44	34	355	313	14	209	255	635	460	44	96	461	44	95	462	44	100	463	44	95	464	44	95	465	44	466	467	468	100	469	44	198	470	44	198	471	44	95	472	44	308
46	398	106	453	8	1185	1186	267	1	275
270	1187	408	440	0	33	1150	803	203	393	1188	1189	69	1190	803	41	69	16	69	16	8	1191	1192	1193	1194	1195	1196	1197	1198	1199	255	1200	1201	1202	966	1203	1204	698	1050	1205	1206	697	114
1207	1208	229	1209	1210	229	43	1211	1212	13	1213	880	518	1214	229	43	1215	13	854	1216	13	854	1217	1218	190	214	0	268	654	408	1219	492	276	265	94	381	33	0	579	408	223	188	276	33	495	31	213
225	1220	5	13	361	52	337	338	339	44	340	208	1221	338	1222	337	338	167	366	1223
508	523	213	1053	645	1224	1225	1226	49	648	1227	498	105
46	1228	1229	61	702	14	854	519	520	49	0	1230	654	265	1231	1232	714	222	223	188	16	30	31	66
373	1233	1193	69	554	221	1056	585	1193	1234	1235	418	57	433	797	1236	30	0	34
67	819	229	245	1237	1238	1239	5	16	1240	30	44	198	117	44	34	14	854	659	1241	20	221	743	578	245
46	440	1242	112	5	20	0	117	1	654	1243	1244	0	268	654	1243	1245	8	20	276	1208	0	381
1246	1247	1248	1249	272	412	1250	19	10	267	1	275	220	221	5	20	1250
46	1058	1251	1252	1253	1254	508	523	522	523	66	16	1255	1256	1257	49	195	387	1258	49
373	1259	1260	848	668	669	898	370	13	276	482	1261	1262	425
421	422	122	1263	91	1264	375	170	1265	77
46	5	539	145	1266	1267	1268	658	1267	1269	1270	157	658	293	1271	658	1270	157	658	293	1272	1273	367	1274	1275	46	163	1148	1276	554	1277	69	77	30	44	62
270	408	1228	855	803	753	106	981	203	230	231	1278	267	44	66	1279	30	44	66	1280	313	1190	236	16	1281	1256	233	16	1282	115	803	203	14	209	267	33	314
201	1114	442	443	446	93	94	95	33	44	198	447	44	314
1283	1284	1285	206	207	32	0	44	34
1286	309	5	16	265	94	381	54	337	338	5	221	668	1287	249	250
225	520	43	129	1288	410	238	1289	144	20	276	122	123
46	1290	600	1291	1292	835	32	230	231	206	207	66	1293	1294	100	230	231
133	819	5	20	218	26	870	900	30	31	32	1295	1296	66	1297	1298	440	27	5	20
421	673	1226	16	259	508	523	213
1299	201	1300	1301	1302	276	1303	330	201	1304	1305	1306	276	263	94	307	201	1307	1308	1309	1306	1310	1311	1312	2	1313	1314	1310	1311	263	94	275	1312	2	1315	1316	1306	276	263	94	307	1312	2	1317	1318	871	698	57	221	1319	8	1320	585	13	14	26	408	1321	425
46	1322	306	236	20	832	1323	30	44	45	233	20	832	845	267	44	1324
698	20	870	1325	1326	85	319	1327	1328	1329	872	636	1330	1331	20	121	82	405	33	44	45	1332	1333	1334
1335	354	579	648	765	1336	1337	1338	1339	1340	1341	1342	1343	3	865	1344	716	1345	58	697	1346	1347	1348	577	1349	1350	1351	865	697	1352
1353	85	49	114	115	105	109	358	359	360	581	366	337	338	1354	30	44	198	508	523	32	1355	708	354	44	314	1356	20	638
1357	106	46	797	119	569	1358	1359	1360	1361	707	106	91	508	523	213	1362	183	1363	633	236	947
46	787	1364	440	714	20	23	208	77	734	34	8	731	1365	229	440
270	114	1366	663	664	325	1014	663	769	668	669
114	358	359	360	366	337	338	339	44	340
241	871	914	1367	1368	116	91	1369	259	653	39	272	20	33	31	213
1370	1371	1372	641	864	643	1021	646	77	82	405	33	44	275	1373	163	1211	937
1374	448	324	306	130	20	502	352	668	1375	503	504	307	52	754	23	137	138	196	166	1376	630
315	1377	1378	20	1379	274	1380	1381	57	1379	1382	1383	1384	598	1385	57	206	207	66
1386	1135	130	5	1136	4	1137	405	1387	1140	94	95	0	1388	1141	44	1389	272	20	1142	1390	1145	44	45
190	753	20	214	858	20	221	1391	20	129	734	100	447	668	1392	279	52	20	1393	536	589	418	129	267	66
1394	333	875	134	23	536	319	398	57	717	50	13	11	222	134	1395	1396	222	1397	1033	1398	321	249	322
1399	261	1052	1400	446	425	1401	14	221	1402	110	113	1403	41	274	1404	1405	5	730	267	44	330
225	999	425	1406	635	800	1407	600	1408	1409	1401	1410	203	230	231	206	207	66	540	1411	230	231	1412	44	1413	201	425	355	8	110	113	55	1414	8	1003	1415	225	646	1416	1417	479	1418	68	23	380	1419	1420	645	26	1421	557	1422	1423	1424	1425	1426	589	905	1427	1428	1429
279	52	49	77	1430	29	379	16	446	29	869	20	1024	1431	1432	1026	312	1433	20	1025	1430	1434	1398	44	1435	265	94	95	0	44	96	508	523	198	117	44	66
133	1436	1437	1438	797	119	33	0	579	20	1439	138	1440	1441	585	5	6
1442	1443	1444	393	392	85	144	1445	337	338	339	44	340
698	271	1446	211	635	306	5	20	1447	635	355	835	32	100	230	902	206	207	32	0	44	34
190	1448	1449	1450	0	1	2
33	31	213	713	714	1451	1052
103	803	1452	1453	797	798	750	1454	540	1455	1216	33	31	1456	714	819	5	49	750	1457	540	1458	1216	446	803	1459	447
225	551	544	77	55	1460	1080	54	1461	898	450	320	307
889	890	890	891	697	1462	5	319	1463	473	440	270	5	20	227	971	20	23	267	33	314	236	77	233	77	41	47	221	1464	1363	635	214	92	835	230	902	206	44	32	0	44	34
46	121	1159	94	669	265	94	381	0	1465	524	1466	1467
46	227	306	130	5	20	312	52	5	20	267	95	265	94	95	98	99	34	222	223	188	52	5	20	82	405	122	352	33	31	66
373	214	33	0	579	1468	1193	16	1469	1470	797	1236	946	309	20	375	323	1471	412	1056	1057	1384	428	412	1472	1473	1474	745	946	1475	1476	46	1477	1478	1447	1479	1480	49	1481	313
225	875	188	564	673	401	402	16	1482	1483	1484	19	20	87	91	0	1	2	188	564	1485	1	44
1486	20	1487	49	522	523	32	117	44	34
225	1261	20	23	1488	460	44	96	461	44	95	462	44	100	463	44	95	464	44	95	465	44	466	467	468	100	469	44	198	470	44	198	471	44	95	472	44	308	14	854	1010	635	195	1293	1250	1489	561	114	1490	1491	1492
698	473	231	1240	5	319	398	57	1400	1493	333	420	1494	946	835	230	902	267	44	100	377	207	66	1010	5	20	121	538	1010	14	209
133	440	1033	49	93	94	1495	16	30	44	1496	16
225	50	450	229	276	320	264	33	44	275	452	1497	1498
287	1421	988	1499	1500	106	306	586	8	309	20	1163	8	820	1501	741	742	52	69	440	1024	803	30	44	32	0	44	66
225	48	16	52	379	276	49	508	523	2	0	268	654	1502	357	474	559	1503	395	119	1504	309	1505
67	1506	803	668	16	1507	599	320	940	16	1508	1509	54	475	13	14	854	1510	965	1511	16	502	322	1502	1512	1513	1514	1515
1516	1517	558	188	564	415	49	796	1400	267	1	198	117	1144	198	33	31	32	1	44	66	1518	1382	1519	20	1520	1521	43	1382	5	144	319	1522	831	144
46	803	561	702	14	209	561	338	1523	561	338	772	1524	871	803	1525	1526	596	114	1527	1528	803	30	31	66
1529	636	236	245	22	39	1530	362	449	229	11	1531	854	370	1532	20	988	13	854	30	44	62
133	425	1181	106	1533	1242	1534	144	30	31	32	354	34
46	1535	52	110	5	20	23	380	33	31	213	1536	1426	26	1537	635
843	20	121	403	5	6	263	94	264	0	95	265	94	308	1538	1539	113	61	1540	1426	26
46	1492	338	796	80	1541	333	1542	230	231	1183	5	20	206	207	1543	793	1544	89	1545
133	408	1546	1547	19	454	1548	121	9	564	1549	402	411	40	5	937	848	0	1	2
1550	906	121	1551	824	56	337	338	339	44	340	5	144
133	163	1552	1553	1554	33	31	213	746	1555	1556	26	1557	557	1558
1559	23	1560	1561	131	370	1562	1453	1563	567	9	1564	1139	33	44	1565	77	1566	36	1567	38	39	40	5	6	41	42	1568	44	1569	1570	5	1571	1572	1052
1573	106	554	105	987	1574	1575	1439	313	396	1576	1577	1578	33	0	579
957	1579	1580	6	428	1193	1384	428	1581	1474	220	418	1582	69	1583	1584	30	0	34
46	1047	26	194	589	1585	1080	1586	1587	664	1588	145	30	44	1589
33	0	579	479	845	1590	1439
46	1208	410	310	16	380	0	381	1591	20	1401	0	117	1	654	114	0	268	654
270	714	20	425	354	579	16
225	848	1592	167	320	307	1593	1594	270	13	1430	1595	1596	1597	1598	891	450	276	431	1599	889	889	1334	1600	1601	1602	1595	1603	889	190	1592	1604	154	155	1605	396	1606	1439	13	854	1607	1608	13	276	1609	154	1497	1606	13	797
1610	913	1611	49	221	448	831	49	249	250	1131	1132	44	32	506	503	34	1612	1590	1613	664	1614	1187	1615	1616	659	1259	1617	1618	1619	1620	904	1422	664	1621	20
373	1622	168	697	1623	131	77	82	405	33	44	62	8	379	741	742	554	1624	1134	20	8	908	82	611	940
46	20	121	354	579	1625	534	1626	557	673	1627	1628	52	122	123
373	229	276	1157	1629	449	1630	91	668	669
871	163	1148	479	30	31	66	145	1631	166	557	747	719
1632	5	20	1633	1159	94	669	110	5	20	1161	1634	412
1635	245	1636	1493	420	5	20	796	522	523	32	117	44	100	0	33	708	101	44	708	1637	0	710	711	504	712
421	1638	1088	61	23	1639	449	229	121	30	44	62	1640	370	77	1532	55	1597	1641	5	9	1642	5	6	57	13	854
1643	1644	1645	389	1644	621	1093	1646	5	274	114	1647	1648	361	1649	337	338	339	44	340
1650	218	52	864	259	82	83	1651	55	5	188	1652	5	567	1653	741	742	276	474	1460	536	222	55
1654	30	31	32	354	34	214	714	20	23	507	589	719	577	1655	412	1066	900	221	1074	20	23
190	276	955	81	1420	1656	754	50	20	23	82	405	33	44	275
1657	309	5	20	116	214	1527	1631	20	221	93	94	95	0	44	330	1658	1659	440	1660	1661	20	1662	550	1663	310
46	448	375	1664	40	144	130	5	20	1364	402	17	410	4	5	16	19	20	267	1	275	1665	1666	65	1144	275	653	272	20	30	31	66
843	5	20	267	44	96	265	94	308	1364	551	1667	1265	113	29	1668	536	1669
225	1670	1671	450	276	910	1441	668	669	1672
225	479	30	44	66	41	254	803	835	32	1673	230	231	1674	5	16
46	1228	1675	1560	93	94	95	33	44	275	1676	49	324	253	412	5	49	1677	412	325	309	10	1676	274	1678
190	378	272	245	0	1	2	928	1063	19	16	218	564
103	1047	26	1679	554	380	30	44	97	447	44	314	26	1184	557	663	1680	1681	26	1682	412	1557	26
67	16	436	4	6	6	112	437	272	412	438	8	19	440	0	1	2	234	1683
766	23	596	47	221	1464	1363	635	214	835	230	902	5	20	206	207	32	0	44	34	33	0	579	1684	797	119	1685	1180	143	1439	1686	23
46	77	1687	272	635	0	1	2
46	55	188	20	1652	157	158	1688	1689	217	1690	1691	188	46	714	77	437	1450	1692	1693	20	64	1694	763	1695	390	557	1696	1451	1265	249	16	502	322
225	1510	313	1697	110	20	1698	937	8	135	1276	1699	110	536	30	44	97	33	44	353	33	31	66
441	1700	1331	276	222	223	188	1701	1702	222	4	223	188	82	83
133	425	481	820	276	30	31	1703	456	1704	907	965	481	820	518	435	1705	881	1706
1529	212	229	276	1707	395	13	906	1708	1709	155	225	516	259	445	1259	1709	155	598	1709	1710	1711	320	307	214	1712	1713	1714
697	168	5	9	57	1715	1716	1717	1718	1719	316	337	338	339	44	340
790	236	49	54	8	212	1720	259	1721	1722	229	1723	44	100	1724	1725	34	898	450	734	34	820	1726	1727	34	106	559	245	52	222	134	1395	1728	100	117	44	846
1729	57	1730	1731	1026	649	567	1732	1733	1734	5	188	1735	1736	567	8	81	741	742	276	82	83	4	56
46	1086	1087	595	1737	20	1738	929	20	4	5	630	549	43	82	83	1739	1086	309	5	16	595	1740	20	1741	267	308
1742	999	444	1743	635	203	230	1744	66	408	803	0	33	1150
225	255	14	209	1745	206	207	66	425
389	1120	46	5	274	1619	114	770	274	339	44	340	5	319	8	932	380	1746	468	34
1747	23	551	1667	1748	1749	1750	411	30	0	34
270	1751	1752	1753	965	741	742	276	82	83
287	92	440	267	33	314	1754	479	845	8	17	16	26
871	803	114	4	5	56	316	337	338	339	44	340	8	809	265	94	381
225	1261	1755	1528	49	69	225	907	1756	69	16	30	44	1757	671	1758	1759	163	1760
1761	308	1762	338	600	1763	1764	1765	44	307	1766	338	1767	1768	44	307	1769	1770	1408	1771	44	307	1409	698	338	1772	44	1773	46	14	209	13	209	1542	204	205	1183	5	20	206	207	66	1455	14	1774	372	8	1775	363
190	855	1776	1705	26	30	44	32	354	100	447	668	712
766	236	30	44	97	33	31	32	354	44	66	233	93	94	95	0	44	66	20	121	138	1777	1778	77
190	578	243	244	1779	1780	1781	44	1782	1355	1783	102	1784	1785	1786	1787	508	523	66	1128	1788	858	988	77
46	615	43	129	1289	16	544	538	1789	544	129	249	69	30	44	45	1131	49
225	1033	1790	13	121	800	635	1791	1792	1063	8	1291	702	203	230	231	206	207	66
1793	214	1794	520	1713	1714	30	44	97	668	307
1795	236	233	23	130	5	20	116	1796	508	523	213	999	900	1541	1797	395	16	882	233	23	236	77	110	5	20	355	14	337	338
114	599	1798	1799	1800	1801	1802	1803	1804	1805	1806	1807	1808	1809	1810	1811	1812	1813	1814	1815	1816	1817	1818	1819	1820	1821	1822	1823	1824	1825	1826	1827	1828	1829	1830	1831	1832	1833	1834	1835	1836	1837	1838	1839	1840	1841	1842	1843	1844	1845	1846	1847	1848	1849	1850	1851	1852	1853	1817	1854	871	698	20	803	114	49	446	421	1855	440	1856	1181	313	8	11	1857	1858	1859	26	1033	1860	259	0	33	1150
473	259	190	1861	1862	20	276	91	267	268	330
190	163	1863	33	31	213
622	168	1864	405	122	83	1249	1865	49	4	5	630
46	77	718	539	77	536	56	1866	446	1867	245	267	44	32	33	44	66	396	1868	77	661	1661	539	1869	832	89	90	1870
1871	20	91	0	1	2	1872	40	144	4	130	16
46	227	306	5	20	312	52	5	20	267	95	265	94	95	98	99	34	222	223	188	52	5	20	82	405	122	352	33	31	66
1873	276	554	5	20	276	0	268	654	1874	831	188	5	188	1875
133	898	450	276	320	307	212	276	1876	1214	1877	1878	1879	245
1880	1656	655	5	20	23	635	8	819	229	121	206	207	32	0	44	34
190	1649	568	1422	901	1058	164	797	1881	1882	77	668	669	8	14	740	1883	797	1881	1884	554	446	1885	77	1886	504	250
373	1058	5	20	1887	1888	1889	1890	157	158	1891	1892	190	1018	1893	1026	1894	223	188	602	9	398	57	638	649	43	30	44	45
133	5	49	30	44	32	0	44	34	1470	243	1895	1676	49	502	505	198	506	44	66
225	1896	882	236	233	49	1897	0	33	1150
1386	1135	130	5	1136	4	1137	1898	94	95	0	1388	1141	44	1389	272	20	1142	1899	44	45
225	408	48	20	861	17	1900	412	1901	1519	1902	1903	1131	16	1132	44	66	415	106	8	1904	20	245	479	30	44	66	845	267	44	66
46	313	212	229	1258	20	276	54	14	1905	835	204	205	1906	1907	635	460	44	96	461	44	95	462	44	100	463	44	95	464	44	95	465	44	466	467	468	100	469	44	198	470	44	198	471	44	95	472	44	308
190	855	318	319	20	320	1375	249	352	506	44	66	5	20	30	44	198	0	44	66	1908	1909	513	96	200	1783	96	1125	1126	314
1910	635	1911	1912	1459	0	1	2	635
21	1115	86	770	361	337	338	339	44	340	221	49	1913	1914
225	1547	16	1915	339	44	340	1916	392	1537	1917	1918	582	1915	1919	1920	1921	988	23	1922	1916	589	1923	44
225	1547	221	1221	20	1924	44	308	316	358	359	360	582	337	338	339	44	1925
1926	236	5	20	323	1927	544	43	129	1928	1929	713	856	26	1930	408	845	479	267	44	1931	33	44	198	33	0	34
1793	214	1794	520	1713	1714	320	307
0	268	654	91	1123	77	265	94	170	129	1741	545	544
46	92	1932	20	41	49	1933	43	129	1333	1334	30	44	275
1934	1857	211	49	54	337	338	668	1287	249	250	48	23	1935	1936	5	789
1937	1938	1939	450	398	1940	1941	1942	1943	891	1944	1945	1946	1947	1948	1949	1950	1951	1952	1953	1954	1955	17	1956	1957	1958	1943	1959	1960	163	926	265	94	381	33	31	213	214	68	163	923	1666	858	20	221	1066	36	1961
1962	56	1963	4	1964	1965	1033	8	1753	1123	20	276	380	122	123	1966	1967	539
190	1968	615	446	1115	49	1969	551	229	39	375	479	853	163	476	845	30	0	34
421	452	77	898	450	276	320	307
46	20	1970	1485	116	1033	1401	1659	803	702	1971	274	1972	1973	585	1974	1975	113	55	1976	112	221	1977	267	44	1978	21	1979	803	211	1401	1980	1981	992	1982	1983	1364	259	1984	361	337	338	730	361	1985	112	5	20
69	1986	1094	1095	1096	1097	1098	777	778	779	276	40	20	1987	276	4	20	82	83
46	14	1988	835	230	902	206	207	32	0	44	1989	1990	1991	1545	1992	1993	1994	740
1995	121	1094	1095	1096	1097	1098	344	549	1996	1962	5	536	56	477	4	1997	121	211	58	741	742	82	83
621	1135	130	5	1136	4	1137	405	1138	1139	265	94	95	0	268	96	1141	44	62	272	20	106	267	1998	1144	1145	44	45
270	168	508	523	213	1999	882	1256	20	23	2000	2001	498	105
270	1047	106	2002	714	2003	26	33	31	213	714	26	2004	354	579
2005	5	49	93	94	95	0	268	330	1638	392	361	2006	2007	1430	2008	526	1647	5	188	57
133	425	108	671	130	309	5	16	253	112	4	5	2009	116	247	1401	267	44	330	114	267	268	330
0	33	1150	559	1191	536	26	536	2010	1856	1441	236	49	82	405	33	44	275	233	5	49	93	94	95	0	268	330
421	258	306	236	245	2011	1088	26	1171	474	233	245	2011	2012	26	546	474	30	0	34
1077	230	231	624	206	207	66	848	1100	1086	1529	1088	2013	2014	4	2015	2016	764	1520	2017	2018	2019	2020	1088	2021
1085	544	1026	153	16	2022	2023	2024	157	158	2025	2026	46	1362	323	568	8	212	259	898	450	320	307	820	2027	2028	308
201	23	52	454	354	579	16	2029	245	2030	20	121	2031	78	333
46	163	153	714	218	59	1120	30	31	32	354	34
190	2032	502	322	726	531	664	320	940	619
1099	309	49	16	741	742	276	82	83	904	188	518	398	2033	2034
270	20	26	1553	362	624	236	5	20	30	32	354	100	447	668	712
862	2035	2036	223	56	714	26	91	33	31	213	2037	2038	2039	977	1709	2040	1677	2041
2042	49	448	5	20	403	2043	265	94	381	0	268	654
190	276	2044	1639	965	450	276	449	1226	668	669
421	2045	77	1259	77	598	1709	1710	2046	13	320	307
421	443	446	30	31	32	447	44	314	363	14	13	854	2047	2048	368	854	2049	1223	1261	854	234	2050
1050	5	2051	33	0	579	999	48	49	2052	2053	221	2054	1557	412
46	1114	803	30	0	34	2055	2056	20	221	5	478
2057	1578	2058	2059	77	354	579
190	2060	212	229	121	446	2061	23	30	44	45
46	1983	2062	1444	230	231	14	1010	835	2063	2064	206	207	32	1514	44	2065	2066	2067	635	52	395	1120	982	2068
2069	1608	276	2070	598	170	2059	1713	1714	320	307
270	2071	114	114	337	338	1354	339	44	340	1676	144	2072	5	56	8	809	93	94	308
46	787	1364	440	20	23	380	734	34	8	2073	1365	229	440
46	848	271	13	16	2074	44	95	2075	44	95	463	44	95	2076	44	96	465	44	466	462	44	264	471	44	95	472	44	95	469	44	198	470	44	275
270	168	16	33	31	213	718	719	715	2077	2078	2079	697
46	14	209	1345	981	271	234	1189	2080	982	32	230	231	206	207	66
790	2081	379	233	5	20	2082	488	267	268	96	2083	512	314	258	1628
541	337	338	2084	114	339	44	340	452	1547	211	49	2085	114	658	320	321	249	322
270	635	271	819	23	47	988	5	20	30	31	32	0	44	32	447	668	805	101	44	712	831	20	320	95	249	505	198	506	44	66
706	306	5	20	1447	635	355	203	204	205	206	207	66
133	5	20	23	82	83	2086	44	275	55	5	188	607	61	5	2051	2087	1625	2051
46	1674	20	23	1625	54	522	523	32	117	44	100	269	709	710	711	504	712	13	1280	832	8	851	267	33	708	269	709	710	711	504	712
2088	2089	2090	398	2091	20	323	671	741	742	276	2092	2093	536	2094	2095	196	2096	77	2006	2097	119	320	1375	249	322
2098	952	1276	1280	930	222	223	188	224	5	16	30	31	66	2099	598	2100	1066	2101	702	69	879
270	2102	16	2103	13	854	2104	13	8	932	380	734	34
225	851	245	990	653	714	16	33	31	213	1000	635	2105	596	803
441	1163	442	446	333	263	94	264	2106	330
421	422	2107	2108	20	276	267	44	330	2109	645	89	1571	402	413
706	247	2059	8	731	16	267	33	708	101	44	314	16	2110	636	26	702
2111	270	203	635	599	16	981	230	231	206	207	66	986	101	44
2112	507	33	2113	213	388	4	56	325	122	123	276	0	2114	2	439	4	440	2115	4	56	2116	2117	937	2118	272	412
373	1047	410	4	488	312	313	91	0	381	1181	210	211	845	313	267	44	1324	19	20	87	565	272	412	267	1	275
21	435	2119	2120	2121	88	89	271	594	1174	2122	1378	2123	1480	2124	9	1482	2125	2016	2126	2127	720	272	585	88	89	2128	2129	272	2051	267	1	275	2123	2130	2124	6	2131	2132	435	2133	474
2134	20	23	2135	2136	109	5	1676	221	1261	854	30	44	32	0	44	100	249	505	198	506	44	32	354	44	708	447	668	712
46	2137	536	435	8	223	188	276	82	405	33	44	275
354	579	714	16	55	719	765	1738	1045	43	81	476
2138	46	19	16	0	1	2
103	425	52	2139	14	209	2140	231	1293	1294	1290	1409	1492	206	207	66
2141	2142	2143	2144	1193	2145	1193	2145	0	33	1150
46	26	2146	567	5	56	1362	77	370	30	31	32	354	34
225	1547	245	2147	698	338	8	212	1639	229	11	2027	44	95	33	44	275	69	20	434	1170	221	635	272	412
2148	39	20	23	922	272	56	2149	2150	1128	477	642	643	2151	2152	1375	33	31	32	33	611	34
225	2153	272	49	635	2154	835	5	20	2155	206	207	66
133	529	671	1171	39	121	1371	641	642	643	131	23	1564	1139	33	44	97	33	44	45
21	92	803	272	5	20	1445	8	130	245	2156	272	144	659	119	88	89	2157	4	2158	2159	4	2105	267	1	198	117	1060	198	33	31	66
46	26	55	52	446	5	20	30	44	275	2109	849	2160	2161	166	2162	2163	955	589	412	116	80
2164	2165	706	2166	2167	2168	797	1236	309	49	732	546	29	1010	2169	1149	522	523	1782	2083	512	708	98	99	34
133	5	20	425	110	412	316	337	2170	338	8	2171	265	94	381	8	364	2172	13	14	366	371	1261	14	848	30	44	198	0	268	96	265	94	308
2173	46	599	115	33	31	213
2174	2175	650	229	2176	856	26	544	77	2177	2178	642	30	44	45	1440	643	2179	1086	122	83	8	474	2035	522	523	198	117	44	32	33	31	66	2180	2181	2182	2183	544	2184	2185	1296	66	755	2186	1429	2187	99	34
46	77	249	250
2188	313	2189	1631	229	121	452	110	16	30	31	66
225	371	1994	740	1988	835	230	902	206	207	32	0	44	2190	2191	2192	2193	225	2194	1990	112	14	362	624	1564	1139	503	504	330	2195	937	2196	2197	2198	2199
190	578	2200	1656	309	20	1159	94	2201	94	381	508	523	2202
270	1047	313	150	313	33	31	213	2203	2204	2205	1014	2206
225	2207	69	20	276	2208	122	123
190	77	138	898	450	276	668	669
270	168	0	33	1150	1224	1528	5	49	2209	1066	2101	645	49
2210	221	780	16	839	589	1704	2211	714	69	16	30	31	66	2212	1254
2213	499	2214	2215	795	229	20	23	274	14	2216	2217	668	321	249	1375	2218	321	249	352	200	44	198	33	44	275
46	1260	19	20	1066	2101	2219	116	115	0	1	2	1762	2101	1883	2220	2129	272	412	600	274
421	2221	132	437	900	221	5	20	913	858	221	1221	20	882	803	5	49	8	2222	20	707	440	522	523	66	648	498	1221	20	221	1058	498	5	221
441	946	1341	20	276	30	31	66	922	26	145	971	571
1274	2223	2224	290	46	26	267	268	330	713	312	2225	702	2226	905	2227	1102	138	905
133	2228	870	26	1241	1535	2229	395	1535	440	30	44	66
133	2230	2231	114	5	56	1649	1222	337	338	339	44	340	2232	2233	4
1374	2234	968	344	11	565	1063	17	4	16	402	413	65	1060	198	0	1	275	1032	4	49	2235	922	272	2236	80	781	32	0	34
133	5	49	630	82	611	940	121	130	440	559	1563	29	412	2237	8	196	23	82	83	53	93	94	308
46	2238	236	49	230	231	52	33	31	213	232	1074	77	55	1088	1571	1088	2239	2240	68	23	71	39	27	4	5	6	734	34	653	39	1728	34
190	569	2241	645	849	259	2242	209	2243	722	52	2244	754	16	502	322
1793	370	520	1713	1714	450	13	320	307	1033	425
942	233	23	546	39	375	399	236	23	777	778	779	224	121	354	579	2245	122	250	2246	2247	30	44	198	2248	1095	1096	1097	1098	2249	2098	2250	106	375	2251	20	1439
2252	900	2253	1047	2254	1129	479	2255	2256	380	30	44	66
2257	449	1597	13	306	1033	20	1590	1659	803	2258	44	96	33	44	97	200	44	66
190	437	2259	193	2260	5	20	2261	1667	870	2262	2229	2101	869	1238	16	30	44	45	600	1762	361	167	2263	2264	871	2265
203	230	231	206	207	66
103	26	554	249	250
621	92	5	20	8	236	233	383	245	0	33	1150	242
190	2266	221	1056	412	412	115	33	0	579	236	23
441	507	450	320	307	1639	2267	2027	2028	95	33	44	62
2268	2269	450	668	669	988	2270	2271	261	2272	26	2273	77
1934	770	361	16	2274	988	33	31	213
2275	249	2276	16	52	317	1134	77	318	319	2277	46	257	521	809	2278	2279	2280	1135	589	1585	2281	2282	2283	2016
225	1258	2284	2285	2286	87	272	2287	20	1280	2102	2288	132	2289	2290	1248	261	1063	999	803	20	425	362	1261	366	1915	2291	2292	210	211	49	195	2289	2293	1248	1014	2294	267	44	66	2295	30	44	198	33	31	66	249	250	16	1131	16	1132	44	32	506	503	34
1035	5	20	417	2296	20	2297	206	207	66	661	724	2298	44	275	589	1760	2299	2300	330
190	2301	86	608	1333	16	114	2302	2303	340	5	1333	2304	196	5	16	122	123	796	91	309	5	49	93	94	95	0	44	330
2088	270	236	49	4	1074	2305	2306	2267	210	211	69	2307	30	44	198	33	31	66
225	536	114	585	249	2308	502	505	275	1423	561	585	663	769	1181	2309	743	320	307	54	337	561	338	772	2310	44	275
190	440	380	122	123
270	569	663	664	1459	338	2311	362	2312	450	663	2313	668	669
46	4	536	188	702	8	122	276	82	83	61	272	702	8	2314	2315	276	30	44	45
46	714	77	33	31	213	1707	2316
225	1192	1056	1557	278	69	1557	278	30	0	34
46	1631	236	233	33	0	579	226	518	479	30	31	66	236	16	1171	474	2317	845	267	44	66	233	16	546	474	2317
46	444	2318	2319	1686	5	20	52	1026	112	110	113	29	2320	2321	1991	530	2322	905	2323	2324	2325	16	206	207	66
1085	53	2326	440	2327	451	214	1712	1713	1714	320	307
2328	848	508	523	213	1032	1862	309	2329	276	2330	474	803	20	375	554	311	2329	20	2331	2332	2333	1128	1697	2334	2335	2336
46	274	14	425	835	2337	5	20	206	207	32	0	44	34
46	16	33	31	213	1033	114	1294	1290	16	0	44
2338	1155	981	64	1101	267	44	330	606	2339	29	64	1647	112	1088	64	519	557
354	579	98	99	579	702	1705	2340	773
46	121	1560	2341	5	20	30	44	62
871	703	47	1523	30	31	2342	2343	197	44	34	2344	2345	44	314	2346	2347	2348	2349	2350	2351	803	115	197	44	34
1529	2352	259	249	244	16	1294	0	1	2	2353	5	2051	2354	2355	745	188	2356	2357	412	2130	668	249	49	2358	77	971	85	2359	2360	2361	5	188
190	569	2362	2352	440	20	52	450	13	276	537	668	669
46	230	902	2363	5	20	2364	206	207	66	2365	267	44	34
315	2366	1032	121	122	123	1138	125	112	755	1562	2367
33	31	213	214	272	5	20	2368	2369	2370
698	1333	2371	2372	85	2373	946	368	550	20	121	82	352	33	44	353	33	31	32	354	34	2374	1464	860	229	245	2375	50	23	141	44	1139	668	264	2376	44	308
270	1047	106	2002	714	1862	26	26	33	31	213	1003	442	479	2377	569	2378	2379	2380
2148	40	39	2040	2381	2382	218	1023	30	31	66
225	2103	13	14	2383	10	936	272	937	413	43	732	1088	1698	7	937	8	2384	1225	2385	2386	0	1	2	1034	7	1088	665	1698	2387	981	1698	1698	981	531	40	5	9
2388	304	133	2389	850	1010	163	971	2390	872	2391	425	803	2392	871	746	61	865	2393	354	579	16	167	2394	2395
33	31	213	2396	1074	223	188	77	714	1023	55	188	607	217	218	530	61
287	5	16	54	361	392	1585	412	1868	1590	2397	510	633	2398	1446	211	635	206	207	66
46	77	554	33	31	213	1562	583	227	112	5	531	762	2399	2400	2401
190	2402	2403	554	16	851	267	33	708	101	44	314	1074	16	436	398	26	481	17	16
225	163	209	554	380	354	579
133	1056	569	1032	1047	163	1148	848	2404	2405	2406	2407	1557	530	531	2400	362	163	1148	222	223	188	20	30	44	275
2408	958	820	959	960	651	962	1656	2409	803	115	30	44	62	114
46	1100	2410	2411	2412	2413	2414	2415	2412	2413	2415	2412	2414	2415	2412	2416	2417	2412	2418	2417	2412	2413	2417	2412	2414	2417	2412	2416	2415	2412	2418	2415	2419	2420	225	999	425	68	23	1907	635	1183	1184	2365	230	231	267	44	2421	133	425	54	23	8	898	450	2422	895	940	848	787	668	669	449	756
30	44	62	1119	57	80	2423	1119	2424	557	57
122	123	91	2425	81	276
46	988	820	52	20	2274	1867	988	114	14	30	44	97	33	44	66
190	569	396	850	2265	225	673	1447	557	923	52	839	85	2039	858	50	5	20	479	132	30	44	275	2426	225	870	707	259	882	2427	2428	121	50	20	2429	754	2430	2431	77	20	380	1132	712
828	2295	23	2432	222	223	188	440	122	123	276	26	40	388	402	413
122	123	2433	81	482	276	5	20
46	259	554	221	77	249	250	2434	854	2043	26	746	1511	1287	981	77
1274	270	394	869	209	26	1777	2435	1428	26	1537	26	2166	5	20	30	44	97	200	44	34
33	31	213	2207	2105	52	81	4	20	2082	2436	2037	2437	937	2438	988
190	1448	2439	1450	0	1	2
2440	53	1020	2441	16	526	263	94	264	265	94	308
2442	1120	20	276	122	123	631	1025	4	56	81	43
421	2443	2444	20	1970	1611	49	845	267	44	330	479	30	44	275
46	803	41	8	2445	2446	2447	845	2448	230	902	5	20	32	100	206	207	32	0	44	34	214	2449	231	2450	229	65	44	66
2134	92	444	130	106	5	20	14	1036	635	206	207	66	309	1591	16	0	44
21	640	338	16	502	322	1333	2451	2452
133	577	23	425	554	1100	163	1710	2453	2454	747	557	2455	225	452	77	8	898	450	449	320	307
2456	23	2457	6	848	0	1	2	259
270	602	1100	1542	230	231	1672	569	206	207	66
843	245	5	20	1033	860	635	195	1161	263	94	322	114	93	94	308	1492	2458	308	1401	267	44	330
697	2459	549	20	526	788	20	276	82	83	617	328	2460	1338	532	1080
133	2461	1153	221	702	233	2462	20	355	16	14	209	203	230	231	206	207	66	1294	1290	1767	1408
2463	1123	788	754	77	2464	82	2465	122	2466	920	1032	194	68	589	788	714	754	77
1283	23	1656	1033	1430	278	222	1397	1398	83	134	139	140	2467	141	44	2468	450	320	307
133	569	848	1047	49	845	267	44	34	233	20	479	30	44	275	2469	719	2470	2471	2472	2473	712	2469	2470	2471	236	20	1131	2308	1132	44	66	1519	20
46	121	1420	5	20	77	122	20	82	83	2474	276	1094	1095	2475
2252	479	2476	82	83	1364	1149	482
508	2477	20	276	554	0	268	654	309	5	20	1029	2478
46	82	83	276	323	4	20
628	2479	788	754	77	2464	82	2465	122	2466	2480	697	743	2481	5	188	1672	617	2482	1887	531	2483	2016
241	1260	2243	20	2484	502	322	2485	221	2486
2442	854	26	380	30	44	97	200	44	34	2487	256	5	20	2488	114	2489	2490	2491	2492	2493	2494	2495	2496	2497	2498	2492	2499	2494	2500	2501	2497	2502	2492	2503	2494	2504	561	2505	2490	2506	2492	2507	2494	1523	2508	2497	2509	2492	2510	2494	2511	2512	2497	2513	2492	2493	2494	2514	2515	2497	2516	2492	2517	2494	2518	2519	2497	2520	2492	2521	2494	2522	871	2523	2524	2525	2526	2527	803	446	2528	617	78
752	20	23	30	31	32	354	34	41	47	221	1464	1363	635	214	92	835	230	902	206	44	32	0	44	34
1880	0	1	2529	87	2530	10	2531	2532	2533	20	267	1	275
46	5	49	1904	20	306	41	554	988	1464	1363	635	30	0	34
21	559	753	309	20	267	44	330	713	754	2534	77	1860	557	756	2336	854	16	526
103	425	2535	14	271	358	359	360	337	274	339	44	340	561	274	2310	44	330
225	1547	988	362	337	114	338	1354	5	20	231	2536	452	364	2172	1261	366	371	1649	665	663	664	1677	2537	2538	8	769	554	668	669	8	2539	265	94	381	1619	5	56
441	642	643	2540	2541	1666	856	589	2542	2543	20	29	220	221	5	23	801	504	264	33	31	66
225	1855	440	2101	11	2544	44	708	0	33	314	1856	596	105	673	259	2101	11
2545	479	2546	1074	1029	163	1148	871	2265	30	44	275	1029	163	1148	871	2265	30	31	66	2547	115	256	2548
1657	20	276	2549	4	5	6	19	20	411	272	412	2536	2103	13	14	2550	589	564	1242	1088	2551	261	2552	16	17	267	1	275
133	1183	20	1184	2553	452	5	49	8	271	1459	1907	635	1293	460	44	330	1250	2074	44	308	1489	2554	44	34	561	2345	44	308	1294	2555	44	308	114	339	44	466	467	468	34	2556	2557	44	275	1491	2558	44	275	1490	2559	44	308	1492	2458	44	308
927	236	23	428	233	23	2560	937	2561	803	33	0	579
2562	2563	2564	2565	1334	2566	722	435	2567	1123	2568	276	848	82	83
1962	536	4	788	2569	276	82	83	474
122	123	754	77	549	20	276	52	218	864	56
2570	374	946	122	123	537	2571	2572
46	915	440	2573	1033	916	917	2574	320	2575	88	89	726	2576	2577	2578	2468
133	529	245	671	653	39	323	544	43	379	20	121	93	94	95	0	268	96	0	1	275
46	1667	2579	52	2580	150	755	1674	1667	2581	2582	2583	1058	2584	2184	2206	2585	2586	1087	2587	2588	2589	2590	270	2126	57	1087	1373	567	332	1875	157	158	2591	2592	2593	2594	2595	2596	270	2597	1621	2598	1558	2597	2599	854	1385	287	534	2600	530	1433	1385	2261	157	158	2601	2602	2603	1373	2604	2605	2606	1385	287	2607	2595	2608	2609	270	1621	2598	854	1385	287	2610	663	664	2261	1087	2611	2604	2605	2606	1385	287	157	158	2601	2602	2603	2612	2613	473	2614	270	530	2615	2616	2617	2261	1087	2618	2619	2620	2621	2622	2623	2497	270	13	2624	820	30	44	62
315	212	1597	229	229	276	30	44	275
46	276	354	579	746	33	31	213	762	763	764	57	531	763	218	1626	765
2268	1026	49	54	8	2295	30	31	66	2294	267	44	66	20	2625	41	2626	2627	112	113	2628	773
2629	77	145	866	1344	719	719	765	354	579
698	1274	2630	2631	1274	2632	2412	2633	2412	2634	1274	2632	2633	2412	2635	133	2636	1274	2637	2638	2639	2412	2635	2640	1274	2641	2637	2642	2643	2639	2644	2412	2635	2645	1274	2646	2647	2637	2648	2649	2650	2639	2412	2651	1274	2652	2653	2654	2647	2637	2650	2639	2412	2655	2656	1274	2657	2653	2654	2647	2637	2648	2649	2650	2639	2412	2655	2658	714	77	821	577	26	2659	2660	2661	1057	651	354	579	743	803	447	668	1248
2662	2663	749	2664	704	705	1654	20	23	2179	668	1375	249	322	1532	826	539	2665	2666	57	2667	536	188	891	225	1532	134	539	2668	2669
2570	2670	2671	196	306	2672	2673	420	1563	1439	1480	536	399	13	797	2674	1597	440	449	1597	2675	30	44	275	2676	941	2677	2678	797	475	536	1105	797	390	1480
46	77	370	54	8	50	229	276	832	898	450	320	307	820	2027	2028	308
190	451	2059	214	520	1713	1714	1590	2679	803	320	307
270	16	851	1553	440	0	33	1150	8	845	2680	69	16	2681	2682	2536	2291	937	2551	665	845	26
621	306	1183	5	20	1053	835	32	230	231	206	207	66
2683	2218	123	163	261	2684	2685	2686	1713	1714	77	668	669	2687	195	1384	261	26	2688	222	1397	77	803	1384	261	26	2372	2689	222	1397	77
752	5	20	1733	188	743	1026	153	2690	1171	474	30	44	275
360	337	2691	339	44	340
790	121	260	477	4	5	6	2692	1038	2693	2694	1959	2695	411	272	412	8	19	20	267	1	275
2696	259	479	845	1979	105	203	230	231	206	207	66
270	1323	820	30	44	97	33	31	66	233	20	2445	2446	65	44	32	0	44	524
133	569	1074	714	23	452	23	8	820	82	83	276	39
46	218	1863	655	368	14	114	2697	274	339	44	340
46	203	230	231	206	207	66	1464	1552	1284	271	635	211	333	335	717	1155	408	1010	48	245	1284	1984
315	1377	1378	106	673	312	52	1674	49	236	259	16	1224	380	508	523	213
33	0	579	2698	518	236	233	49	2699	2700	69	888	2487	1575	1439	49
1294	5	144	2701	40	567	671	222	1894	223	188	276	1094	1095	1096	1097	2702	33	44	45	776	16	1294
2703	2704	2705	2706	1024	1334	43	2707	43	129	309	16	52	312	313	2667	1920	1921	433	312	924	2667	118	403	701	20	106	2708	76	1276	54	274	14	87	1656	106	93	94	95	0	44	96	269	66
752	30	44	198	33	31	32	354	44	66	233	93	94	95	0	44	66	20	121	2709	306	130	5	20
46	2710	26	2711	800	26	0	33	1150	1190	16	163	854	287	1127	16	1128	1129	2712	1130
927	819	23	531	2713	977	2714	82	405	668	940
46	229	245	8	50	20	1157	320	307	212	1639	229	2715	2027	2028	308
2716	440	548	357	474	551	77	63	23	2717	2718	803	2136	1506	803	525	20	231	399	508	523	612	2719	1915	803	8	16	1224
1559	23	1560	1561	131	370	1562	1453	1563	567	9	1564	1139	33	44	1565	77	1566	36	1567	38	39	40	5	6	41	42	1568	2720	2721	1570	5	1571	1572	1052
270	5	20	33	31	213	91	259	1075	971	551	26	1295	1296	213	1518	259	8	2183	544	742	1075	551	633	1667
67	221	259	2135	30	31	66	61	1527	259	309
33	0	579	538	221	479	845	1440	633	2722
871	803	368	2723	2724	2725	1762	2726	368	854	1072	1259	1261	538	254	753	106	230	231	479	653	714	272	20	30	44	66	845	19	20	2727	2599	2728	2729	267	44	66
315	4	5	20	8	218	52	864	2730	122	276	82	83
21	971	1439	793	2731	1152	1180	30	0	34
1871	20	565	40	144	267	1	275
225	820	2732	212	2733	854	1362	2027	2028	95	33	44	62	435	54	2132	870	988
0	33	1150	2109	851	166	5	20
2734	2735	2736	2737	2738	2739	2740	632	2741	9	2742	2743	5	6	57	1657	2742	1404	112	937	854	2740	2744	2701	2743	5	6	2745	1093	5	1088	1026	153	2746	2746	2747	889	2188	713	55	9	607	1088	61	2748	2749	157	158	1891	1892	46	55	5	1088	1892	2750	1395	2751	5	557	2227	557	1102	1698	1962	1088	55	153	2752	20	2753	2754	1888	1889	2755	2756	1889	2755	157	158	1891	1892	190	1018	1893	1026	1894	223	188	9	2742	2757	638	112	110	649	43	30	44	45
331	49	2758	2759	2270	1990	2760	44	264	2761	1139	249	352	505	1787	668	1375	2762	2763
225	259	91	734	34	714	20	77
2570	636	754	23	1470	1698	2764	2765	2766	2767	134	309	2534	23	267	44	330
2134	2768	2689	134	1885	23	116	1033	253	2769	1422	769	2218	123	1886	504	250	668	669	2770	23
190	1073	425	0	33	1150	2409	163	1537	287	871	2771	803
190	440	655	390	2772	33	2773	30	2774	31	198	33	44	198	33	31	66	223	188	20	2775	2097	188	578	77	1018	2775	2776	223	188	2777	9	2778	5	937
1926	20	121	354	579	1937	28	589	755	881	255	2779
46	2238	446	5	20	791	63	1396	1778	1563	2780	50	13	245	93	94	95	0	44	96	603	2781	275
21	551	1667	1147	2782	276	30	44	45
190	27	2783	2784	595	797	1236	736	988	1474	2785	412	1453	1166	49	30	0	34
103	374	309	2786	2787	1258	276	267	268	330
133	1074	20	23	1563	2788	937	5	188	30	44	275
1799	2789	520	20	77	265	94	381	2790	266	2733	0	268	654	820	313	380
270	272	635	276	1046	33	31	213	2109	653	276	2791
133	390	2792	113	55	5	49	206	207	66	2793	1676	49	2794	44	2766	1470	598	2795	2796	143	2797	2236
373	714	26	1674	26	33	31	213	115	815	425	714	23
190	163	854	2798	2787	2799	474	932	354	579	1073	788	2800	741	742	276	123	922	714	163	412
0	33	1150	479	30	44	275	845	267	44	34	498	851	16	1256
315	106	1439	508	523	213
225	870	872	2801	16	707	440	91	508	523	612	858	20	221	395	20	276	2479	702	168	8	229	11	2802	20	617	2803	2804	2805	2806	2270	41	121	2807	1678	2718
46	163	209	554	163	209	2297	30	44	97	354	34	2089	1171	1672	26	366
46	2808	2809	2810	16	54	247	2811	163	2812	2813	2814	2815	2816	26	2817	1260	865	2809	2818	354	579	16	718	765	530	2660
373	236	16	50	450	320	307	452	233	77	167	697	2819
270	2820	536	29	1032	33	31	213	1666	2821	2822	2823	396	20	2381	746	1666	2368	2822	2823
1529	2824	259	673	1447	20	121	707	440	522	523	1324	115	2372	2825	5	20	65	44	34
241	378	803	115	0	1	2	2826	2827	13	14	2828	8	2829	2830	619	1128	2831	1762
2832	1667	5	16	1224	2308	1224	214	1043	648	221	5	20	522	523	66
377	207	213	999	2833	49	2573	2834	987	2573
225	1181	898	450	313	320	307	2835	212	229	2836	408
2837	113	55	1002	46	2129	905	665	1641	531	5	578	2838	531	557	2839	267	44	330
1258	16	247	1401	267	44	330	114	267	268	330	1294	267	1	275	2840	2841	0	275	561	2781	44
46	976	2243	16	46	1535	16	317	196	629	16	380	502	322	502	505	275
225	1181	2842	77	1306	276	263	94	307	1302	276	1303	330	2782	276	30	44	275	1163	53
46	474	536	2843	474	222	223	188	224	30	44	45
270	5	20	243	33	44	2844	907	820	229	276	30	44	62	449	342	2845	638	8	2846	276	2847	2848	2849	1877	545	742	87
270	114	337	338	339	44	340	425	2850	2851	2852	14	5	144	8	362	854	531	809	93	94	2853
2134	1261	43	398	57	80	8	2329	23	1975	5	144	1754	743	2854	16	1224	2855	522	523	1324	5	91	23	1709	2856	2857	1360	1361	91	508	523	594	2858
46	1867	221	561	663	901	2859	2860	114	2861	2862	320	2863
2864	5	20	1151	52	723	229	245	2385	2534	93	94	95	0	44	66	50	229	245	30	44	97	2865	44	66
21	2085	551	39	236	5	20	1046	236	49	479	1108	1109	26	217	937	1110	1111	1112	1113	653	39	30	31	66
1529	2352	440	312	52	20	93	94	95	0	1	198	269	32	0	710	639	0	712	310	90	2866	77	61	1434	16	2867	536	28
782	155	262	1020	2441	16	526	263	94	307
1654	304	30	31	32	265	94	95	2083	512	314	105	602	56	2868	114	2869	561	105	789	905	109	114	2870	561
0	268	654	2808	2871	265	94	381	16	1691	2598	2872	2598	531
871	5	221	1474	221	602	443	61	16	2873	1698	854	2874	408	668	1287	2873	1189	249	250	265	94	2875	315	2876	110	221	16	2135	47	988	1108	2877	309	245	265	94	381
2098	2878	20	221	1005	113	55	362	941	304	5	20	82	405	668	44	940
2879	1539	473	46	1535	313	2115	110	536	398	57	190	313	1212	52	20	23	380	33	31	213
190	435	446	5	16	1224	2880	2881	198	508	523	66
46	449	1597	440	1857	551	1026	153	2882	13	2675	449	1597	2675	30	44	275	913	2883	551	188
1353	20	121	89	1571	47	988	1183	5	2884	267	44	100	377	207	66	70	212	2885
46	218	77	655	368	14	114	2697	274	339	44	340	1547	2886
862	2887	650	885	89	651	2145	2888	803	115	0	33	1150
46	2889	798	2890	2818	122	1263	2891	328	327
1767	2273	835	230	902	32	2892	698	473	206	207	2893	710	2894	2895	1644	2896	2897	460	44	2065	14	52	1766	2898	361	1768	44	307
862	2899	2900	2901	2902	2807	2000	2901	763	2903	2904	395	2905	2906	1661	56	4	559	452	19	23	267	1	275	2907	14	2908
421	2909	257	526	446	91	266	53	267	44	330	2449	267	44	524	2910	2911	2912	2913	2914	2187	99	846
225	1944	930	69	77	30	31	66	1047
749	554	77	435	1291	2434	730	5	971	1401	5	274	1345	2915	2916	2917	1422	26	2918	267	44	330
421	1638	144	212	1639	229	30	44	275	2177	2919	47	988	1294
225	507	1228	803	326	233	16	2083	512	1150	2920	2921	2922	2923	492	16	1355	508	1248	2920	2924	1166	23	195	479	30	31	66	1047	163	16	447	44
21	276	311	714	445	33	31	213	2925	2926	380	653	546	474	276
2570	168	714	653	223	188	16	655	33	31	213
2927	2166	2928	1421	2929	49	342	2930	1139	2931	44	32	506	44	712	2242	49	635	320	44	321	377	207	32	0	44	34
133	36	334	5	52	85	923	92	1212	130	23	1638	1590	5	144	585	2932	392	361	122	123	265	94	381	0	117	1	654	33	2774	31	2
2933	134	20	23	2934	2935	1597	13	306	2258	44	96	33	44	275	2936	1528	988	114	5	20
315	1377	1378	20	1379	274	1883	1381	585	1382	1383	598	1385	57	206	207	66
46	77	718	539	77	536	56	1866	446	1238	245	267	44	32	33	44	66	396	1868	77	661	1661	539	1869	89	90	1870	89	1666
704	705	2937	5	20	8	819	723	229	1633	122	123	2938	532	20	11	1510	5	20	2585	20	71	39	196	77	55	5	188	607	61	1563	937
315	2712	1866	865	865	2549	867	2661	530	2939	554	2402	354	579	16
190	645	440	1459	1066	988	900	2487	1238	819	5	49	30	31	66
133	2940	2941	865	2942	354	579	276	2943	2030	714	2944	2945	2946	2947	2948	2949	2950	2951	1026	2952	2660	716	2953	2954	773
2442	851	2434	26	648	803	1527	0	33	1150	2955	1331	545	20	43	991	223	188	121
33	31	213	2956	259	565	272	2957	9	1120	57	2137	4	536	188	1991
2958	2144	0	44	2959	2960	2961	2962	354	100	2963	98	99	100	2964	2464	2965	2747	2747	1197	117	44	100	2960	2966	2967	439	4	2830	2968	2969	845	2966	2967	2970	2969	1174	2971	2969	845	2966	2967	1449	2972	871
1529	333	2973	835	32	100	230	902	206	207	32	0	44	34	717	408	121	306	231	635
2562	20	2441	531	2974	217	1339	30	31	66
225	591	592	2975	2976	49	990	49	54	2977	2978	14	209	596	110	113	61	597	598	599	600	203	204	205	819	20	206	207	66
46	2816	163	2812	2979	2980	2981	52	163	209	446	30	44	97	33	31	32	354	34	2582	317	454	26
46	5	49	1611	309	379	845	267	44	34	714	833	223	188	276	52	2982	30	44	66
46	440	309	1591	20	1208	91	1161	1159	94	669	114	265	94	381
203	230	231	206	207	2983	1646	444	130	5	49	14	1036	635	2192	2984	106
2463	259	882	49	1226	132	69	20	522	523	66
225	1754	20	276	2985	450	276	2027	44	95	33	44	198	2774	44	66
225	1611	988	2094	2986	251	920	337	114	338	339	44	340
270	168	2701	5	2987	2988	2989	2990	2988	270	2991	1100	446	267	44	330
46	714	77	33	31	213	821	719	81	20	43
884	375	380	2791	719	26	2561	26	91	122	123	4	20	1548	2992	2993	716	1526	2994	26	762	557
2995	425	8	5	16	479	30	44	275	2996	554	1153	1578
2174	306	893	719	789	2400	2598	82	405	33	31	66
621	1135	130	5	20	4	20	82	405	1138	1139	265	94	95	0	268	96	33	44	62	272	20	106	267	1	198	117	1144	198	33	44	45
871	914	1047	47	236	30	44	275	233	2997	512	314	306	1675	313	1502	647	1238	2998	2584	1331	309	252	2999	1331	3000	252	3001
114	227	803	133	114	425	247	3002	20	3003	164	1540	1047	1859	163	209	1074	82	322	714	734	34	341	112	110	20
3004	402	832	3005	809	3006	66	1895	434	987	536	188	539	30	44	66
133	32	230	231	1183	5	20	2553	452	395	16	14	1743	635	3007	408	20	229	245	988	41	635	206	207	66
1077	267	44	66	2384	1225	2385	2386	267	1	275	2550	981	272	412	2551	453	5	188
46	20	276	33	31	213	277	276	218	278
270	4	20	2001	1877	71	741	742	3008	657	474	797	225	732	3009	824	758	20	3010	68	26	536	920	502	505	198	1355	314	2534	20	267	33	314
1157	3011	3012	3013	3014	3015	820	3016	3017	3018	3019	3020	784	3021	3022	3023	871	703	446	1506	803	115	30	44	62
3024	30	44	45	1684	3025	121
3026	30	0	34	130	23	5	20	91	92	380	236	233
225	203	14	982	5	56	206	207	66	2550	591	144
1654	2434	26	1464	1363	64	28	2000	1066	900	221	233	23	93	94	3027	0	44	330
2098	2878	5	937	2838	219	3028	1048	3029	163	155	3030	3031	323	3032	163	155	1441	1088	1682	398	30	44	97	33	44	66
225	2139	1291	3033	204	205	206	207	1703	3034	1426	26	3035	1064	2261	663	3036	664	110	14
473	425	3037	2525	3038	225	362	3039	358	359	360	337	338	339	44	340	2536	364	365	13	366	367	368	366	371	444
46	1343	3040	412	2400	3041	3042	3043	3044	2029	1187	3045	412	323	632	1339	1474	227	2728	3046	0	34
816	803	8	236	16	479	30	31	66	1003	442	1261	245	49
46	3047	230	231	339	44	466	467	468	100	3048	44	330	2221	23
46	1975	276	4	3049	2730	19	564	380	267	1	275
190	214	845	267	44	3050	69	30	44	275	753	49
590	3051	222	1597	13	137	138	222	134	1395	134	23	30	44	275	192	193	3052	3053	2175	41	3054	1155	3055	900	196	3056	306
133	378	446	1963	719	789	763	30	31	66	3057	789	3058
2562	3059	393	3060	3061	869	20	1024	395	243	8	13	14	243	358	359	360	581	366	337	338	339	44	340
225	671	3062	16	222	223	188	5	20	276	354	579
241	554	408	929	479	30	44	275	379	845	267	44	66	5	20
190	1530	474	833	223	188	3063	2468	788	123	4	16
0	33	1150	1896	16	851	440	17	16	3064	398	16
704	103	236	16	1345	33	31	213
46	2728	3065	3066	2883	3067	3068	2259	3069	1242	272	56	30	44	45
2357	873	82	83	1048	3070	166	2622	2747	2622	889	370	3071	3072	839	3073	3074	2400	557	1588	3075	3076	3077	2810	390	3078	531
46	835	230	902	1183	5	20	32	100	206	207	32	0	44	1989	1053	5	20	3079	3080
1159	94	669	1033	3081	3082	3083	276	3084	1306	2836	1161	5	20
894	895	896	1249	572	1778	1242	3085	1177	668	669	2241	803	1364	1103
225	1656	2409	47	803	5	20	30	44	62	1294	114	8	3019	3020	2446
720	1052	20	170	603	3086	3087	3088	3089	150	3086	3087	3088	157	158	3090	3091	3092	3091	3092	183	184	185	2423	3093	57	3094	190	191	3095	194	5	20	23	195	196	5	23	82	405	200	44	275	199	23	30	44	62
1559	23	1560	1561	131	370	1562	1453	1563	567	9	1564	1139	33	44	62
133	196	2329	77	257	665	188	3096	3097	3098	3099	3100	3101	3102	3103	3104	3105	3106	3107	3108	1541	843	3109	3104	3105	3110	3111	3112	249	505	2	3113	3114	3115	3116	3117	381	1803	3118	3118	3119	249	250	3120	3121	3120	371	668	896	3122	3106	3123	3124	2218	1287	3125	3126	3127	3116	3128	509	2	309	3129	3130	3131	3132	3128	509	2	474	3133	3134	3135	3136	508	523	2	3137	3138	3137	3139	871	3140	803	112	428	3141	2533	43	659	536	1261	854
467	468	1150	115	13	1209	2142	3142	114	3143	20	276	354	579
46	803	115	114	1294	1979	446	1506	30	44	62	871
3144	40	5	20	1043	23	2381	30	611	34	1113	2105	121	30	31	66
1035	356	5	20	267	268	96	265	94	308	309	49	3145	3146	221	3147	394
508	523	3148	1032	77	3149	2033	2034	3150
21	2712	272	144	3151	624	1704	40	267	1	275	3152	1916	144	3151	271	2044	1704	3153
2440	3154	3155	2441	16	526	263	94	264	265	94	95	3156	1	330	287	313	785	1333	3157	2091	3158	229	274	14	119	3159	309	20	1935
133	1183	1184	835	100	230	231	5	20	395	16	54	2791	14	1907	635	1293	460	44	330	1250	2074	44	308	1489	2554	44	34	561	2345	44	308	1294	3160	44	308	114	339	44	466	467	468	34	2556	2557	44	275	1491	3161	44	275	1490	2559	44	308	1492	2458	44	3162	103	3163	2443	1183	16	2845	8	210	211	845	313	1502	3164	589	231	14	209	0	44
3165	32	230	231	49	668	1287	249	250	897	655	114	1510	5	20	1294	20	1970	91	1159	94	669	265	94	381	355	1161	114
133	3166	3167	1477	316	3168	2452	14	32	835	230	231	130	5	20	206	207	66	355	582	2452	3169	8	276
473	28	858	20	221	2166	93	94	95	33	31	66
706	550	324	1662	306	130	5	20	91	796	267	268	96	33	44	198	377	207	66	85	119	88	89	8	1624	5	789	82	83
421	520	14	3170	1264	375	91	82	2466
225	1576	3171	16	1659	77	2434	854	2918	26	92	23	1026	5	722	30	44	275
698	49	247	20	585	114	93	94	95	0	268	96	33	44	275	635	267	44	1989
249	250	1598	16	2270	747	730	2016	3172	589	1382	1856	589	3173	3174	668	896	1363	3175	605	2279	3176	3177	2382	3178	3179	643	3180	337	274	3181	1134	3182	1674	3183	3184	3185	3186	1339	3187	585	3188	1614	3189	3190	2149
3191	26	2405	2406	1960	166	26	236	5	49	858	105	734	100	447	668	712
46	19	10	91	0	1	2	440	2561	16	3192
225	2071	448	271	358	359	360	581	582	337	114	338	339	44	340	337	561	338	3193	772	2310	44	275
0	1	2	880	272	5	144	3151	624	3194	4	2701	2129	40	937
698	56	1371	3195	4	3196	2437	3028	1034	1088	3197	3198	3199	905	3200	187	2739	3201	1119	854	1894	4	56	2572	3202	2408	398	57	3202	1526	1966	536	4	188	3203	3201	3204	55	133	390	1553	122	123	33	44
46	753	313	30	44	32	1260	313	3205	2274	3206	3207	221	1047	313	2274	3208	1963	965	3209
871	2060	803	668	669
1937	473	276	3210	2746	3211	3212	3213	3214	3215	1080	3216	3217	3218	3219	3220	3217	3218	3219	3221	3222	3223	3224	61	3215	532	1080	255	2746	3225	3222	2779	2746	3226	3223	3227	3214	602	1080	1036	2746	3228	3218	3229	1218	2746	3228	3230	3229	1200	3231	1937	20	276	3232	26	3233	3234	3235	55	532	533	3234	2746	3219	153	474	2137	719	765	2016	3215	1080	3236	3237	734	34	2170	3238	3239	55	319	2746	3229	153	474	2137	765	745	602	1080	3236	3240
190	13	1276	904	16	526	52	63	26	632	869	16	267	268	96	508	523	275
698	20	1033	3241	3242	1363	635	3243	206	207	32	0	44	34
2252	947	3244	1664	2857	633	1667	3008	43	129	4	3245	788	276	82	83	81	3246	947	30	44	275	719	2470	947	30	31	66	1045	2470	947	734	34	3247	947	2544	668	712
133	440	1224	3248	3249	5	49	743	222	223	188	1224	1225	508	523	213	803	221	2162	412
270	933	272	789	0	1	2	934	935	401	413	5	16	583	936	272	937	531	938	188	19
46	898	450	320	307	1123	3250	1608	1053	761	1445	14	3251	1596	88	89	90
1926	276	354	579	1707	3252	1691	1937	1707	1691
421	3253	13	209	3254	3255	3256	108	2272	2142	3257	473	1871	20	91	0	1	2	1872	272	144	4	130	16
3258	3259	44	3260	777	3261	3262	1375	3263	44	321	249	322	1033	5	85	319	119
270	168	1155	3264	1667	122	123	276	8	3265	3266	3267	306	2185	1296	32	101	44	102
46	309	379	20	276	267	268	330	2237	3268	3269	398	57	2033	3270	3271	3272	3273
3274	3275	585	3276	366	371	358	359	360	337	338	339	44	340	379	16	3277	2872	745	531	253	3278	9
190	3054	71	2292	16	265	94	381	49	668	1287	249	250	355	14	854	265	94	381
2252	3279	955	8	2432	446	30	44	45	1391	871	598	344	43	3280	585	2876	1385	57	313	1667	3281	2432	2315	276
46	19	440	267	1	275	3282	272	13	56	4	1057	2550	589	2829	10	3283	2829	10	3284	1261	56	267	44	66
225	1014	668	669	769	2469	3285	221	362	337	338	3286	1697	3287
46	408	115	366	554	408	3288	479	30	44	275	519	520	845	267	44	66	5	20
133	32	230	231	1183	5	20	2553	452	1261	16	14	1743	635	206	207	66
3289	3290	598	1563	450	320	307	2104	3291	451
373	576	116	2231	14	3292	361	3293	208	358	359	360	366	337	338	339	44	340
103	227	13	854	583	3294	2172	358	359	360	582	337	338	339	44	340	2394	367	3295	368	854	2231	243	2292
225	3296	362	309	618	132	196	20	357	474	375	554	1420	831	20	2218	1287	508	523	213
133	3297	3298	211	5	49	479	30	44	3299	3300	3301	3249	3302	1121	1074	646	40	20	3303	653	714	40	20	845	267	44	66	47	233	3304	225	3305	13	121	2104	229	49	14
133	68	23	3306	937	166	832	747	3307	937	30	31	32	354	100	447	668	712
421	3308	2292	446	30	44	353	33	31	66	3309	152	145	361	1366	1586	664	1459	3310	1294	557	2039	1345	3311	658	366	2219	255	1404	3124	587	905	3312	3313	225	54	49	8	898	450	2422	895	321	668	307	2750	3314	641	988	1331	13	1209
2463	52	2932	5	188	3003	167	697	2819	3315	267	33	708	101	44	314
3316	91	3085	1063	267	1	198	33	44	198	33	31	32	0	102
133	746	114	20	3317	3318	1990	3319	1294	20	3320	1990	1385	3321	446	93	94	95	33	44	97	33	31	66
46	2402	479	1193	3322	3323	2876	1577	803	33	0	579
46	112	113	61	892	3324	26	3325	63	26	3326	892	3324	26	567	3327	2186	3328	1710	3329	1228	803	2700	16	3324	63	163	69	16	30	44	66	598	55	3330	106	203	230	231
270	68	272	20	36	129	803	30	31	32	33	611	34	2156	71	3331	39	2394	367	2381
190	793	47	1519	49	668	896	249	250	3332	3333	564	1518	505	3334	3335
225	1249	970	19	564	267	1	275	872	3336	273	5	3337
190	440	1448	13	3338	30	44	62	3339	1506	803	114	5	20
225	54	362	337	338	770	361	339	44	340
2257	229	121	632	1528	440	1240	5	49	14	30	44	97	33	31	32	200	44	34
190	163	3340	3341	3041	3342	747	30	44	62
225	1553	218	52	864	259	122	82	83	713	55	5	188	607	55	567	188	1652	157	158	3343	3344	157	158	3343	3345	150	3345	3346	3032	163	1120	218	3347	3348	270	168	697	168	3345	146	3345	3349	534	3350	3351	3347	3352	3353	3352	3354	3355	46	1862	1477	3356	23	558	5	188	55	57	3357
287	1074	2838	3358	20	77	30	44	275	1404	3359	947	551	3360	1751	1562
2257	5	20	2274	1238	92	30	44	97	33	31	32	0	44	66
133	243	244	1184	2553	1459	114	13	14	358	359	360	582	337	338	339	44	340	2072	412	1746	468	34	452	49	355	3361	3362	3363	3364	3365	3366	3364	342	3367	44	330	3368	658	3369	3370	3371	352	1917	3372
270	3373	3374	2787	598	450	320	307	3375	1956	3376	3377	598	1709	1710	3377	2046	13
828	1983	835	230	902	85	5	20	32	100	206	207	32	0	44	34	835	230	231	826	20	85	839	412	708	3378	230	231	710	3379
298	818	3380	1462	979	1299	3381	3382	3383	3384	1302	276	1303	330	3385	3386	3387	3388	1306	276	263	94	307	3389	3390	3391	3388	871	473	43	1174	13	1262
67	16	23	554	221	33	0	579	1855	971	23	3392	3393
541	1228	112	113	61	227	444	2318	230	231	408	1026	106	981	444	30	44	32	0	44	66
3394	121	1420	2791	23	646	3395	26	3241	3396	33	31	213	2207	2105	52	81	4	20	2082	3397	3398	276	1164	937	3399	122	1150	91	276	52	1367	3400	1236
441	803	50	223	188	20	132	30	44	353	33	31	66	1965	1510	635
3401	3402	3403	3404	3405	3406	3407	3408	3409	3410	3411	5	49	3412	3413	3414	312	52	49	2179	2294	267	44	2893	1531	3415	236	49	2179	2295	30	44	1589	383	106	2179	522	523	1931	0	33	3416	673	17	1010	49	498	536	3417	440
287	3418	3419	1856	3420	306	380	3421	33	0	3422	796	1656	1796	0	33	1150
270	408	507	803	254	1026	106	203	230	231	33	495	31	213	0	44
3423	50	20	22	71	550	474	52	741	742	3424	26	477	63	3425	63	2784	59	474	476	2258	44	96	33	44	275
46	77	354	579	821	719	577	1045	20	43
225	1553	218	52	864	259	122	123	713	55	5	188	607	55	567	188	1652	157	158	3343	3344	157	158	3343	3426	3426	3346	3032	163	1120	218	2423	3093
3427	3428	3429	3430	3431	3432	3433	3434	3435	1290	3436	3437	3438	255	2142	3439	3437	255	3440	600	3441	3442	3443	3444	1036	3445	3446	3447	3448	1807	1767	3449	3450	3451	3437	3437	3452	371	3453	1408	3454	3455	3456	3444	1200	1463	3443	3457	1036	3458	1409	3459	1200	3460	3444	2779	2204	3037	1202	2192	3461	871	2525	209	3462	1385	3463	3427	585	3463	3428	1385	57	3464	3429	3465	3430	3466	1422	664	3431	3467	1422	664	3432	985	85	26	3468	3469	3433	5	971	3434	2129	272	3470	3471	3435	2129	272	5	3472	3471	46	2534	1276	54	211	819	245	153	2105	3473	425	108	3474	1163	116	214	988	231	263	94	264	265	94	308
46	309	3475	356	5	20	440	267	268	330	214	2709	47	221	267	44	66	1170	946	546	474	375
421	443	446	30	44	198	33	31	32	447	44	314	363	14	13	854	2047	2048	368	854	2049	1223	1261	854	234	2050
1481	16	707	313	52	1970	91	508	523	213
790	92	114	5	49	1590	209	5	971	110	1123	2676	2551	835	5	20	2337	206	207	32	0	44	34	2179	695	690	3476	3477	5	2551	3478	3479	504	314
0	268	654	91	1123	77	265	94	170	129	1741	545	544
1962	1086	3196	2437	3480	3481	788	123	741	742	276	3482	3483	5	20	559
373	3484	203	230	231	5	20	206	207	66	1282	258	23	130	5	20
225	3485	788	2317	82	83	3486	4	536	56	2432	2317	1094	1095	1096	1097	1098	3486	476	4	272	722
315	583	20	276	354	579	272	2105	276	30	31	66	1721	1722	261	155	723	163	1760	1480
46	114	585	80	1014	930	69	77	33	31	213	54	5	56	316	770
225	19	10	537	267	1	275	3487	272	20	902	4
46	14	152	531	809	2579	443	446	93	94	95	33	44	97	33	31	66
225	648	3488	2890	3489	640	1222	1047	50	77	163	854	1459	30	44	275	8	122	121
201	272	412	13	3490	209	453	2104	13	20	8	276	0	1	2
201	106	355	8	110	113	55	1414	1797	905	3491	1990	3492	361	3493	1641	531	206	207	66
421	3494	1014	559	3495	19	440	267	1	275	40	2051	7	3496	188	596	1086	2994	3497	2551	3498	3499	40	2051	536	43
1873	1073	222	223	188	5	20	132	30	44	97	33	44	45	1075	26	1447	567	5	9
3500	327	3501	1619	981	1285	1010	271	3502	326	5	52	3503	435	3504	1561	377	207	213
3505	354	579	26	2056	20	221	16	3506	3507	1631	1170	474	129	434	3508
1529	168	650	163	3032	163	3509	3510	1088	3511	2536	3512	163	0	33	1150
46	256	110	3513	3514	3515	190	1675	803	446	304	19	20	87	845	1469	428	272	412	1980	536	2321	1384	3141	30	0	34
69	33	31	1456	5	3516	52	122	276	4	5	20	82	83	864
3517	589	2542	2838	3518	2820	412	1936	3519	20	105	801	504	264	33	31	66
3520	3284	8	3521	2923	121	168	81	276	122	123
46	1157	1628	88	89	90	3522	91	320	307	870	1528	803	1010	342	195	658	3083	85	20	1616	46	227	3523	1157	1628	276	3524	3525	1532	1597	13	14
2937	5	20	214	324	550	20	1464	1363	635	1161	263	94	307	114	93	94	308	1401	267	44	330	561	3526	44	330	1294	30	44	275
270	272	20	3527	3528	1937	33	31	213
862	760	3529	1233	3530	8	1123	1753	276	3531	3532	1033	82	83	2567	14	144	1564	2468	4	5	144	3533	1592	2544	44	100	3399	3399	100	33	611	34	40	5	144
2739	3534	3535	1557	5	6	398	57	3536	3537	3534	157	158	3538	3539	190	516	1100	3540	6	1448	913	112	5	20	221	30	44	97	377	44	66
190	578	77	122	123	33	44
790	26	814	446	5	20	30	44	198	668	940
3541	306	3542	539	77	3543	832	754	82	405	3544	44	66	452	723	2733	3545
46	122	123	1889	3546	638	81	8	3547	741	742	3548
0	268	654	655	2534	229	77
279	52	49	323	544	545	129	267	44	96	269	66
46	14	209	203	230	231	1183	5	20	206	207	66
1539	113	55	1414	46	2129	905	665	1641	531	2838	531	557	2839	82	405	668	44	940
133	569	671	479	30	44	66	845	267	308	408
1374	261	2175	435	803	835	230	902	5	20	32	100	860	130	245	5	20	1033	3549	803	635	3550	3551	206	207	32	0	44	1989
3552	1676	49	249	250	1131	1132	503	34	990	16	2956	589	20	1209	3553
1077	362	624	68	5	20	30	31	32	354	34	749	1547	1019	2030	2816	3554	2030	341
315	9	10	2791	272	56	267	1	275
287	3555	440	236	5	20	601	3556	77	63	26	551	153	3415	30	44	45
0	33	1150	970	650	229	5	20	3557	54	858	988
46	3558	3559	3560	770	366	2050	3561	3562	221	61	3563	3564	2087	203	444	206	207	66
225	1553	33	0	579	3565	1439	49	57	5	433	5	578
225	14	203	230	231	1183	5	20	206	207	66
190	3566	3567	362	4	20	23	52	122	276	82	83	1452	550	649	71	20	245	40	635	1294
225	2103	13	14	2383	10	936	272	937	413	43	732	1088	1698	7	937	8	2384	1225	2385	2386	0	1	2	1034	7	1088	665	1698	2387	981	1698	1698	981	531	272	5	9
46	3568	225	49	3569	845	267	44	846	1088	3570	276	3415	114	267	44	712	3571	479	714	4	77	33	31	213
133	848	2214	2325	1631	536	1935	89	1666	41	1010	317	1134	23	2216	2217	249	1375	668	321	249	352	249	2468
225	316	767	585	536	3572	225	363	14	13	368	1261	209	320	307
133	2443	3573	249	250	999	3574	3575	3576	337	338	2797	3577	2551	3578	1888	3364	3185	2321	80	16	380	249	250
46	2243	16	196	16	786	2549	2769	722	222	539	536	56	3579	49	3580	3581	3582	366	371	337	338	502	322	47
373	1233	69	1193	3255	1128	3041	3044	30	0	34
720	163	1120	567	1709	155	3583	5	188	3584	3585	3585	3586	3586	3585	3585	3587	3586	3586	3585	3585	3586	3586	3585	3585	3586	3586	3585	3585	3585	3585	697	81	276	122	123	1338	1535
0	33	1150	2083	512	1150	91	851	245	673	236	49	233	49
1035	48	5	20	11	91	309	1112	544	93	94	95	0	268	330
287	645	168	214	697	1088	3588	2810	3588	531	3411	48	5	49	1697	5	3589	3040	30	0	34
373	396	446	106	5	20	1033	337	338	82	405	265	94	308	106	2361	112	2797	789	52	3590	20	832	377	669
3591	3256	272	412	1492	338	1638	412	946	3592	3559	1872	755	2917	5	3593	880	2101	935	19	90	0	1	3594	115	858	221	635
1657	272	412	4	412	267	1	275	550	1697	272	20
133	1611	988	1528	5	20	3595	272	16	475	13	14	854	89	355	1259	1261	854	203	230	231	206	207	66
845	267	44	846	89	1571	313	130	5	20	52	233	20	77	30	0	34
190	451	2059	214	1794	1713	1714	320	307
270	408	114	5	221	3596	1990	820	960	3597	2001	898	450	1058	115	30	44	62
2112	507	1597	450	3598	44	2468	3599	3600	2468	820	136	452	16	30	44	169
1099	446	130	5	20	82	405	668	44	321	265	94	95	0	308	601	5	6	112	5	971	444	803	112	110	923
3601	3602	11	0	33	1150	1659
871	1229	1114	803	8	482	259	69	20	276	30	44	45	1033	272	20	788	259	4	89	14
225	1670	226	769	167	3603	3604	66	3605	3606	1451	865	54	450	276	537	320	307
421	2443	2444	3607	3608	274	1241	1441	14	1293	1294	600	1409	203	230	231	1183	5	20	206	207	66
2088	442	201	425	1024	8	775	49	3609	267	44	846	3610	30	44	66
46	163	971	562	380	30	44	62
190	1574	750	1448	1574	377	207	213	618	3611	306
46	1047	16	3612	1902	33	31	213
871	803	41	259	2166	3563	3613	3614	3235	197	44	275	3615	3235	3584	197	44	34	3616	3235	30	31	66
225	3617	892	77	5	20	8	20	91	267	44	330
1654	214	1265	3618	29	2000	1066	900	221	93	94	95	249	322
225	1032	4	20	276	122	123	452	23	8	898	450
3619	63	474	93	94	95	508	523	198	0	268	330	323	482	379	49	1149	796	1033	2352	520	3620	1746	468	100	2083	512	708	2083	512	710	1355	44	102
2174	848	850	931	1047	379	5	16	8	448	3621	492	1628	2049	2426	596	554	47	988	258	3622	3623	1628	0	268	654	968	3624	26	52	557	2900	589	3625	3626	3627	3628	379	3629	2049	1189	3630	2177	379	3629	1167	2231	1439	1641	379	29	3631	2992	3624	3627	737	3632	3633	2049	237	2718	3624	26	858	5	20	221	3634	114	561	47	1047	1332	3635	1170	3636	2049	246
225	1855	970	932	2487	5	20	803	454	337	338	339	44	340
3637	3638	152	153	41	81	43	8	1123	1753	276	3531	3532	1033	122	123	14	144	1564	2468
508	523	213	2099	555	874	2536	8	2782	5	188	3639	222	3640
2268	1058	668	669	195	1384	261	26	3641	2269	450	77	2688	222	1397	77	3642	1362	222	1397	77	2689
