0	1	2	3	4	5	6	7	8	9	10	11	12	13
14	15	16	17	18	19	3	20	21	3	22	23	24	4	25	26	27	28	29	27	30	31	32	12	33	34	35	22	36	37	38
39	40	41	42	43	9	44	45	5	6	46	47	48	49
50	51	52	53	54	55	56	57	6	58	59	60	47	48	49	61	62	63	64	65	66	67	68	69	70	71	65	72	73	74	75
76	77	78	79	80	81	82	5	83	84	85	86	87	5	88	89	90	91	48	92
93	94	95	12	13	96	97	98	13	99	100	101	102	103	104	3	105
106	107	108	109	110	111	112	113	114	115	116	117	22	118	119	120	121	122	36	123	124	125	3	20	126	3	127
128	24	4	129	29	130	131	12	132	5	6	46
133	134	135	136	137	138	139	135	140	141	142	143
14	144	145	146	147	148	23	24	149	150	151	152	153	154	155	156	157	158	159	160	153	161	162	163	148	164	165	166	167	168	169	170	171	172	3	173	174	72	175
176	18	177	178	43	179	180	181	137	43	182	34	183	136	143	184	185	186	187	47	48	188	189	21	22	23	24	4
125	149	133	190	191	192	193	194	195	3
196	197	198	13	169	199	29	200	91	48	92	201	202	203	165
204	205	206	28	29	207	208	209	29	210	47	24	49	47	48	49	207	208	211	212	157	29	200	213
214	215	43	216	217	218	219	220	221	222	223	224	43	114	225	2	3	20	91	24	188	21	3	22	91	48	188	23	24	22	226	227	20	228	229	36	125	22	125	3	36	230	3	173
231	41	135	232	233	234	235	236	237	238	239	240	241	242	243	244	41	236	245	246	127
247	248	249	250	251	13	252	253	254	255	256	157	161	257	258	259	260	261	262	224	263	264	265	266	19	3	127
231	267	268	269	270	271	272	273	4	274	275
204	276	277	42	278	12	279	139	280	42	276	281	3	105
14	282	283	280	284	285	286	287	53	42	288	289	29	12	290	291	273	22	292	125	22	292	125	124	125	293	195	3	124	125	3	173
294	295	296	11	296	297	298	299	175	279	300	301	302	279	210	91	303	304
305	306	307	308	43	309	310	311	280	312	313	43	314	72	128	24	4
315	137	316	34	317	169	318	100	104	3	105
319	320	321	322	321	321	321	323	324	325	326	327	280	77	328	329	113	165	330	331	80	29	332	333	334	335	80	336	90	337	338	47	48	49
133	34	43	9	44	339	318	104	3	105	340	280	311	43	314	80	139	280
196	341	44	34	46	342	91	48	92	343	344	345	346	347	348
2	3	4	98	349	205	340	350
91	48	92	351	12	352	34	186	131	5	6	5	46	353	354	355	356	18	128	24	22	357	3	36	358	359	36	360	3	37	361	3	36	361	3	173	362	15	363	34
364	365	125	366	367	368	369	370	280	269	333
196	371	372	90	157	373	29	374	372	273	4
93	268	339	283	268	375	153	169	376	29	210	377	378	379	380	269	2	3	381	133	210	382	352	46	375	153	383	52	205	169	384	385	386	29	281	3	105
387	147	148	388	128	24	4	72	389	5	390	391	203	72	392	393	5
133	155	394	395	396	397	398	399	400	401	402	3	403	114	404	109	232	318	100	104	3	105
405	406	318	100	104	3	105	396	397	398	400	401	100	407	72	5	109
408	409	143	410	239	411	412	413	414	415	416	417	418	419	29	420	65	365	421	422	416	417
47	48	49	423	56	157	372	153	424	425
426	153	72	427	318	428	429	104	91	430	105	431	432	433	434	435	436	437	438	439	440	44	43	153	441	34	111	442	443	444	445	355	446	447	448	449	450	451	452	3	105	453	290	43	454
455	456	457	0	458	283	47	48	188	21	3	4	459	114	157	460	256	298	5	311	461	462
133	29	463	372	205	464	47	48	188	126	3	20	21	3	36	465	466	467	468	469	470	29	471	472	235	390	5	473	29	232	133	80	340	390	40
133	474	475	80	114	7	476	9	477	478	479	480	481	482	283	483	308	43	309	47	24	188	360	3	105
128	24	4	484	485	105
486	487	488	489	47	48	188	228	3	22	23	24	4
490	137	286	491	492	155	493	11	494	495	496	497	498	107	340	492	155	499	491	500	2	3	22	228	485	105
501	502	12	137	503	504	53	286	290	505	506	361	3	36	507	508	173	509	352	510	511	347	248	512	513	80	514	34	515
133	516	517	518	95	6	44	43	314	519	520	279	47	48	49
133	521	309	53	522	523	524	56	525	328	235	237	238	239	240
364	526	72	5	235	527	528	271	529	3	530	318	104	3	105	531	532	3	4	533	534
50	535	143	166	155	536	318	537	538	47	24	49
133	137	539	540	541	53	542	526	47	48	188	543	23	24	22	21	3	127
76	77	12	13	410	2	3	544	21	3	545	546	547	548	549	499	166	399	296	550	551	13	549	499	552	553	554
125	149	555	556	557	72	5
60	232	558	559	560	561	114	371	404	29	374	562	29	563	273	4	5	564	135	565	566
567	568	125	149	372	569	305	207	374	269	12	566	570	280	269
426	571	572	573	574	80	235	243	575	143	141	240	576	572	577	578	579	580	43	314	581	432	582
196	583	148	410	281	3	105
584	175	585	586	233	114	299	587	588	169	589	19	3	127
231	590	43	9	44	591	34	5	72	298	340	500	43	9	7	592	72	47	48	188	593	3	20	21	3	594	23	24	22	361	3	36	357	3	105
595	5	596	597	376	40	139	280	169	598	599	147	148	128	24	4
600	215	12	540	91	48	92	205
318	601	602	114	603	604	5	235	580	80	109	400	605	402	3	403
606	318	607	43	314	432	432	608	609	432	610	5	611	29	612	613	614	612	615	616	104	3	105
617	104	3	105	618	100
619	620	621	562	90	47	48	188	23	24	4	198	262	205	505	622	153	432	281	3	105
76	492	155	623	268	169	624	367	103	625	365	623	268	626	627	155	169	239	143	141	240	628	35	36	33	34
629	53	630	46	375	153	631	29	632	311	128	24	22	21	3	545	353	29	459	256	311	139	280
231	633	634	65	635	636	637	147	638	427	23	24	149	639	640	311	641	642	432	72	643	644
645	528	98	646	53	43	9	182	591	225	47	48	188	228	485	105
133	647	648	649	650	273	4	651	652	653	654	466	280	269	655
12	15	133	12	15	583	42	656	80	139	141	240	328	657	658	659
660	661	29	662	663	664	665	666	517	661	29	667	668	669	670	671	372	128	24	4	389
672	673	674	504	31	675	43	309	506	47	48	188	676	465	36	677	678	36	678	679	32	680	681	580	682	683	684	685	678	120	686	3	687	688	689	690	691	3	692	693	694	695	696	697
204	698	699	700	514	376	328	410	701	91	24	92	492	702	703
490	704	705	12	706	707	708	709	205	710	711	11	128	24	22	712	3	4
713	63	714	204	15	715	5	340	80	40	169	636	716	19	3	127
133	34	406	43	9	44	339	318	104	3	105
717	718	719	199	470	720	721	569	722	723	722	724	725	726	427	47	48	49	473	727	71	728	729	71	723	722	730	595	731	732	733	734	372	2	3	127	735	63	428	736	128	24	4
133	156	157	232	401	402	3	403	737	738	739	157	740	741	13	737	384	492	157	737	742
733	641	410	47	48	49	743	744	641	279	745	432	72	40
76	698	746	22	747	748	749	24	188	24	3	105	100	72	5	750	751	161	396	397	398	399	400	401	402	3	752
364	753	31	638	754	31	185	755	93	756	757	147	758	128	24	4	759	279	43	153	72
387	382	760	97	2	3	4	139	280	761
762	153	133	694	763	3	36	361	3	105	764	765	766	114	353	5	767	768	769	770	5
771	353	772	773	774	3	22	357	3	105
775	283	694	526	12	776	777	778	779	780	781	41	309	268	782	3	36	357	3	36	21	3	36	126	3	120	361	3	173
783	620	784	215	47	48	188	785	678	786	787	528	788	12	580	789	12	205
790	791	792	793	72	5	65	794	795	71	90	796	224	43	9	44	53	47	48	49
76	77	797	798	47	24	49	799	800	801	311	802	157
133	504	205	200	91	48	92	72	803	114	804	56	798	414	805	806	165	807
204	808	90	157	776	29	372	47	48	49	19	3	20	21	3	22	21	3	809	128	24	4
810	811	13	812	21	3	348
813	347	814	808	815	43	9	44	186	816	34	290	6	46	47	48	188	21	3	4
817	137	141	142	139	135	156	818	819	114	820	459	28	821	139	135	822	823	824
364	213	825	826	827	828	9	829	347	2	3	545	42	830	373	750	340	139	280	311	831	832	153
14	833	776	779	145	834	283	694	2	3	36	485	3	105
835	836	837	502	80	143	141	240	136	838	839	114	840	12	841
842	638	186	843	580	104	3	105
844	845	44	591	427	91	48	92
76	77	846	847	91	24	92	848	656	849	90	7	9	850	43	9	574	332	333
294	851	13	169	575	143	141	240
204	698	524	80	43	309	155	243	626	852	400	605	853	318	854	402	3	855	24	3	105	764	326
196	856	819	90	270	464	29	128	24	4
318	857	104	3	105	858	100	859	12	580	860	491	400	605
196	301	861	862	863	770	205	864	169	145	416	865	410	281	3	105
364	866	528	99	43	333	256	867	868	104	3	36	869	3	870	43	9	182	871	872	34
196	549	284	808	29	47	48	188	21	3	105	475	29	273	3	173	873	368	874	379	875	367	368	285	776	876	587	269	280	877	878
14	879	880	881	157	29	128	24	4	156	45	184	393	757	156	882	34
364	213	883	125	366	404	90	374	269	71	269	733	884	885	886	887	888	889	570	280	269
0	504	236	237	238	239	240	890	236	891	205	309
892	893	894	698	281	3	105	332	333	895	896	95	12	137	897	898	40	135	29	40	899	88	89
214	844	900	169	343	344	901	902	21	903	904	905	593	906	907	908	909	910	911	912	913	914	915	916	917	918	919	48	920	921	922	913	922	923	924	925	926	364	213	927	30	31	148	308	43	309	928	91	48	92	126	3
929	930	931	402	3	403	932	3	933	128	3	49	934	935	936	937	938	939	940	941	935	942	943	939	944	945	935	946	947	939	948	666	949	950
951	269	952	764	273	4	953	954	955	29	956
364	957	80	235	29	958	139	280	959	90	12	960	12	47	24	188	360	3	105
490	53	42	139	135	47	48	188	91	24	49	32	372	961	962	963	43	9	256	964
364	880	583	965	812	318	104	3	105	966	967	968	161	318	969
93	970	971	972	169	821	634	80	973	2	3	809
974	975	976	977	556	899	978	979	42	175	980	822	735	80	280	981	982	808	641	983	641	984	985	986	987	988	641	989	822	990	234	991	992	993	355	994	80	767	128	24	4	974	995	102	460	153	102
133	996	13	34	997	508	173	107	145	998	999	1000	1001	80	136	716	283	1002	47	48	188	361	3	105	1003	43	9	44	11	169	1004	1005	634
1006	580	1007	271	1008	3	870	318	104	3	105	137	1009	483	1010	5	1011	1012	1013	1014	1015	647	210	228	485	348
196	808	156	739	1016	207	1017	47	48	49	61	62	63	64	65	66	67	68	69	70	71	65	72	73	74	75
14	100	1018	1019	43	1020	1021	400	605	853	402	3	855	1022	3	752
1023	41	236	526	680	41	109	626	1024	40	100	400	605	402	3	403
912	1025	1026	288	533	1027	1028	43	1007	1029	1030	1031	1032	1033	1034	240	510	656	43	527	349	376	215	1035	1036	1037	1038	1039	1040	739	504	30	31	32	1041	1042	1043	1044	137	1045	1046	1047	1048	1049	1050	1051	32	764	778	1052	1048	43	454	1053	165	750	153	77	31	562	1054	1055	1056	933	1057	161	418	5	235	1053	1058	1059	1060	1061	1062	1063	1064	1065	528	288	99	43	314	271	529	1066	869	4	318	104	91	430	105	531	532	1067	1044	739	504	215	1068	12
60	1069	80	139	328	1070	1071	839	47	48	49
775	858	210	1072	12	11	27	603	661	29	1073	337	29	128	24	22	361	3	36	1074	3	1075
817	137	1076	1077	15	1078	1079	750	30	31	1080	215	2	3	105	1081	340	1082
600	538	91	24	92	1012	27	1083	1084	1085	385	29	823	1086	297	1087	730	297	432	1088	1089	2	3	127	169	1090	347	1091	91	22	23	24	4
364	1092	1093	273	4	1094
91	48	92	1095	493	1096	43	9	46	1097	271	314	169	1098	1088
133	1099	99	528	318	271	529	3	530	628	1100	739	694	12	47	48	188	91	24	188	126	3	20	226	227	20	91	303	20	23	24	22	21	3	22	21	3	105
783	12	29	424	12	694	1101	91	48	92	1102	1103	779	232	386	699	29	139	280	174	769	279	271	1008	3	870
196	1104	100	139	114	396	397	398	491	400	605	100	402	3	403	1105	1106	114	139	135	100
133	1107	80	527	12	1070	47	24	188	360	3	105	80	309	107	896	483
600	215	680	1108	1109	3	240	271	1008	3	870	560	1110	161	43	314	1111	1112	896	1082	764	137	1113	43	9	182	1114	484	229	22	228	229	105	47	48	188	21	3	36	1115	1116	105
133	1117	11	43	9	44	15	1118	1119	1120	137	241	1121	510	511	30	31	1122	80	29	2	3	105	80	280	284	273	3	1123
364	283	169	318	100	91	24	92	1009	13	1124	43	314	836	139	135	1125	504	143	465	1126
672	1127	30	31	53	43	9	44	1128	91	48	92	459	35	33	290	484	485	105
364	1129	634	210	91	303	304	1130	1131
1132	483	371	1133	1134	851	1135	12	137	2	3	36	1136	1137	1123	169	95	236	210	851	137	1138	1135	1139	1140	1141
133	1142	866	973	43	527	1143	44	107	819	646	30	31	1144	47	48	1145	49	91	24	92	126	3
1146	1147	1148	483	1149	91	48	92	459	1150	1151	276	290	1152	1153	1154	1155	35	33	290	22	36	484	485	22	105	1156	1157	22	1158	4	290	1156	1159	120	2	1160	1161	1162	1160	869	1163	122	120	1164	1165	1166	1167	395	1168	840	29	268	1169	848	1012	201	760	1170	1171	1172	1173	1148	1174
1175	651	580	566	526	578	579	104	3	105	526	1175	532	3	4	580	1176	165	1177
974	1080	1178	1179	91	48	92	1180	205	153	767	1181	3
844	9	44	42	72	5	235	960	701	47	48	49
231	589	372	23	24	149	1182	1183	1184	165	1185	1186	1187	153	1176	165	698	583	1188	15
1189	1190	31	1191	1192	90	1193	1194	1195	719	866	774	3	22	125	22	23	24	22	21	3	545
196	1196	318	104	3	105	1197	1198	1199	1200	317	1201	153	1014	860	5	157
196	29	200	91	303	304	720	1202	14	89	1203	1204	175	72	1205	587
844	845	1206	638	1207	404	235	225	1208	694	1209	1210	1211	1212	865	1213	1214	1215	1216	1213	1217	1218	1219	1220	1221	256	47	48	1222	91	48	188	91	24	188	126	3	20	593	904	20	226	227	20	91	303	20	21	3	22	593	4
196	954	157	29	410	91	24	92	1223	1224	255	1224	720	721	725	71	726
1225	1226	1227	63	1226	672	1228	1015	41	1229	526	249	1230	100	626	400	605	402	3	403
133	155	799	1231	395	396	397	398	400	605	402	3	403	1232	697	1233	1234	35	33	34	156	157	1235	1236	739	157	1237	1238	492	157	1237	1239
14	1240	80	1241	620	1229	89	1242	1243	1007	318	104	3	105	531	532	3	4	1244	99	308	43	109	861
364	609	1245	43	9	44	591	34	1246	481	866	1171	765	656	453	1247	110	111	116	117	4	114	115	19	3	127	1248	1249	1250	1251	1123
1252	43	9	44	200	91	48	92
426	341	1253	205	82	205	774	3	22	357	3	105
196	1254	1102	1255	380	1256	284	647	808	29	427	47	48	49
133	578	579	1257	100	104	3	105	1258	1259	169	1260	256	1261	614	1262	966	256	1263	1264
231	1265	34	1099	318	271	99	528	104	3	105	1266	47	48	49	541	35	276	1267	484	485	105
364	365	125	149	1192	34	5	46	954	623	1148	268	6	46
133	268	35	33	290	36	37	484	229	36	357	3	36	126	3	37	507	508	173	12	184	808	1268	502	11	815
1269	43	9	182	42	700	376	43	9	256	1270	42	627	135	47	24	49	1271	309
569	321	1272	1273	14	1274	637	432	1275	90	91	48	92
1276	185	42	861	13	36	35	33	34	1277	3	105	1094	638	1278	225	169	287	1279	1280	1281	1282	757	11
133	15	372	273	4	639	1283	1284	1285	72	5
1286	1287	1011	1288	1289	1290	157	808	12	90	47	48	188	21	3	105	1291	1009	526	1292	1293	1294
364	719	623	635	96	161	1295	1296	1297	318	104	3	105	1009	913	1298	1297	1299	1300	96	102	1301
231	1302	267	2	3	105	1303	276	1304	1135	13	276	1012	5	1305	1306	1307	1308	11
645	29	1309	1101	91	48	1310	699	114	1069	139	280
294	80	139	514	1311	1312	1313	1314	349	272	844	845	1206	591	1315	604	404	114	1316	80	1317	104	3	105
133	1139	1318	1319	1320	281	3	105
294	716	1321	812	47	303	127	139	280	641	427	1322	1323	1324	1325	1326	81	169	332	750	72	153
1327	89	410	47	48	49
1253	779	107	12	774	3	4
133	1071	476	1328	308	43	309	1329	1330	43	44	1331	1332	617	104	3	1333	493	1130	1228	43	1334	1335	80	580	1279
133	808	29	861	1336	427	47	48	49	1337	839	803	1338	29	1339	866	2	3	22	126	3	20	23	24	4
1340	31	1341	137	244	1080	53	47	48	188	91	24	188	91	303	127	1342	1343	1344	3	127	1345	53	1346	3	127	1347	1348	19	3	20	226	227	127	343	344	901	1349	904	20	21	3	1350	21	3	1351
196	1352	1353	1354	1355	1356	1357	1358	273	1359
1147	18	47	48	188	21	3	545	1072	32	326	844	9	44	234	235	80	280	514	5	6	46	262	12	137	1360	647	1157	1361	36	33	290	12	484	485	22	228	485	105	699	90	511	1309	522	404	235
1362	1363	1364	91	48	92	91	303	304	24	3	348	504	15	42	1342	1362	779	12	797	1365	569	610	1366	1367	1368	1369	1370	1371	1368	1370	1372	1373	1374	1368	1370	978	1375	1373	1374	1368	1369	1373	1374	1368	1370	1373	1374	1368	1373	1374	813	1376	1368	1369	1374	1368	1370	978	1375	1374	1377	32	555	1378	661	1102	1103
196	590	34	1379	34	43	9	44	526	506	91	48	188	228	1380	105	1381	1081	384	43	9	256	234	328	581	72	42	1019	628	318	104	3	105
0	382	1382	30	31	32	1383	215	29	31	29	1314	1384	1385	227	127
951	137	1105	114	81	80	1386	1387	529	1388	1389	91	48	188	1390	1391	1392	1274	1393	1394	1391	1395	1396	3	1397
600	719	1398	90	952	128	24	22	1399	3	105	30	31	53	1400	21	22	21	3	545
1401	91	48	92	518	504	13	166	155	271	537	626	1081	43	314
364	609	1245	43	9	44	591	34	1246	1402	481	866	1171	765	1314	349	216	1403	1404	110	111	116	117	4	114	115	19	3	127	1248	1249	1405	3	1075
835	1378	1406	1407	1408	661	1378	1409
817	620	53	1410	1143	281	3	127	1411	44	774	3	36	21	3	809	400	605	309	141	1412	105
364	213	518	1413	251	1414	42	404	109	1339	626	32	1415	504	779	210	47	24	49	1416	779	42	1417	31	1418	1419	547	779	549	155
364	1420	1421	166	1422	1423	1424	1239	1425	34	1426	1427	5	302	340	1428	492	155	491	946	274	1429	1430	382	24	3	348	1431	1420
672	1432	1433	80	1434	1435	238	226	1436	240	12	1434	1385	227	20	118	1437	105	1438	558	1439	605
1440	526	1177	318	104	3	36	23	24	127	526	1177	531	532	3	22	23	1123	43	153	620	375	153	506	610	1441	614	1442	1443	153	506	1444	1445	5	1446	438	1447
1147	694	1448	1449	30	31	1450	215	510	511	1085	273	3	22	21	3	4	1451	484	3	4	1452	31	185	774	3	4	1453	1454	1455	3	4	1456	31	1457	4	1458	31	1459	4	1417	31	19	3	127
133	13	200	281	3	105	1460	524	205	1461	1462	153	72	169	52	53	1180	1463	566
974	1464	283	1465	47	24	188	360	3	105	1466	1467
133	65	375	5	340	1468	1469	340	1470	18	1471	630	47	48	188	361	3	36	21	3	1472	23	24	4
76	34	534	1473	36	747	239	143	1254	1474	1475	141	240	1476	1198	1477	1478	1479	757	1480	1481	1482	1483
600	29	736	29	808	12	34	47	48	188	23	24	22	228	485	22	228	485	105
1484	1485	1486	1075	1487	1488	1489	1490	34	1491	1082	108	309	254	1202	43	9	44	47	48	49
14	382	128	24	4	1492	634	371	281	3	36	360	3	809
1493	1494	1495	1496	1497	640	322	279	372	128	24	4
364	281	3	105	458	710	1462	256	43	5	311	432
14	1498	141	240	1499	299	297	237	466	1500
76	698	1501	1502	273	22	125	1123	652	1254	741
600	29	410	701	281	3	105
1503	23	24	149	305	6	1504	1505	1506	1507	1508	1509	305	1510	1511	71	355	46	326	1504	115	45
1493	1448	18	484	1512	22	36	125	22	21	3	36	1513	3	786	30	31	32	1043	1007	107	34	12	34	1514	1515
1516	198	1192	638	538	1517	489	47	48	49
14	1200	1518	148	1519	628	1520	29	1349	3	20	21	3	1521
226	227	304	232	1522	1028
1523	1524	148	372	23	24	149	5	147	992	308	43	309	5	147	148	834	1525	1526	477	1527	896	65	1528	1529
1530	576	572	1531	1532	719	23	24	149	311	1529	65	641	432	643	389	280
294	1533	1296	716	215	12	318	314	2	3	4	1534	750	767	1535	1536	1537	750	1538	354	836	1539	175	767	1540	1541
128	24	1359	698	1542	12	1543	1544	1545	1546	147
1547	24	3	348	1548	493	557	1549	553	100	1538	286	698	512	1550	11	494	1551	832	1552
196	354	638	200	774	3	4
231	1553	1247	1554	290	114	115	110	111	19	3	20	125	3	127
93	1196	1555	1556	1557	623	6	268	1558	59	634	239	143	136	141	1559
91	48	92	1560	157	29	81	1561	375	1167	12	1415	234	1202	1087	88	89	40	1416	1562	847	562	265	432	1563	1564	899	40	581	432	89	641	1565	29	372	819	1566	1567	30	31	1122	90	1568	1569	1101	514	40	339	459	1570	175	413	1571	40	1572	1573	1574	460	861	80	1575	1576	640	279	280	1577	283	1338	803	29	2	1578	126	1579	1569	736	29	1580	1047	1581	1082	126	1582	1583	1584	1087	1585	587	1586	823	1086	256	1587	24	149	80	767	90	1461	1117	328	235	169	432	72	40	1588	29	1589	1590	1591	11
133	318	100	1315	43	604	139	135	396	397	398	737	400	605	100	402	3	403
567	568	125	149	372	569	305	207	374	269	566	570	280	269	12
125	149	195	3
133	34	844	845	1206	591	132	638	1592	386	1593	109	1594	1595	1596	1233	47	48	188	126	3	20	23	24	22	21	3	1472	228	485	105
91	24	92	1009	13	1124	43	314	1332	427	1597	836	139	135	1125	504	143	465	1126
93	1268	1200	1598	155	1599	779	210	47	24	188	91	48	49	1600	797	1601	42	798	1602	205	29
645	1603	1302	764	2	3	22	126	3	20	23	3	4
63	428	736	128	24	4
204	1604	90	1384	42	1605	1606	215	1384	42	1607	47	48	188	1608	3	4
93	1609	1345	53	453	290	288	736	1268	1520	514	524	425	309	53	237	1610	239	240
196	1611	1612	1613	597	43	9	1614	166	169	80	973	166	169	239	143	141	240	1615	41	143	1616	1617	870	1618	42	699	308	80	1106	514	1349	1619
364	1092	830	1620	654	870	1621	367	368	1622	273	4	1623	1624
63	767	410	23	24	149	949	1625	1626	196	166	46	53	169	995	156	157	1235	1424	1239
1627	1628	380	1629	284	1003	46	1200	273	4	132	280	284	560	31	148	223	792	1630	736	1464
0	1631	1632	1633	1634	1635	41	1636	147	148	128	24	4
133	1637	1638	1639	287	210	91	24	92	1640
579	1257	133	318	580	104	3	105	622	153	840	161	400	605	100
14	841	1641	663	698	169	741	410	1277	3	105
204	268	1642	1643	104	3	105
578	579	1257	133	318	580	104	3	105	622	153	840	161	400	605	100
76	12	1200	1010	1644	1645	81	29	1358	666	935	1302	372	1646	1647	72	767	157	766	1462	153	47	48	188	21	3	22	361	3	36	360	3	545	1648	1649	1650	143	136	169	143	2	3	809
600	502	32	1188	290	1651	185	1121	80	236	1652	831	290	265	1653	1654	49	46	2	3	105
1655	1656	1657	378	1658	1347	367	19	3	127	1659	91	24	92	1660	666	1661	305	46	169	29	347
1147	18	1662	1663	30	31	100	1664	99	34	1665	318	1222	1385	227	20	91	303	20	593	3	20	125	22	1666	24	22	21	3	544	360	3	36	361	3	105
1667	1668	659	99	1007	526	271	1008	3	870	318	749	24	20	24	3	105	528	751	1669	1670	215	95	1671	364	213	1672	1673	1674	59	1672	1675
14	213	1676	145	212	779	1677	28	1678	634	42	1679	1345	143	141	240
326	77	43	9	44	580	318	104	3	105
733	641	410	47	48	49	744	641	279	745	432	72	40
133	13	1680	34	1349	3	4	1010	1681	11	1682	1011	1683
12	784	100	43	314	1684	1685	1686	91	48	92	1402	95	43	9	44	591
93	522	1687	1688	719	29	720	721	569	722	723	722	1327	64	725	726	427	47	1689	49	727	71	1690	71	728	729	71	733	367	1691	723	722	730	595	731	732	733	734	723	722	1692	1693	372	2	3	105	63	428	736	128	24	4
974	1464	1080	354	1694	1695	12	1277	3	105	1696	632	390	5	1697	1278	1698	1699	205
1493	1700	1701	1519	1702	778	30	31	1122	1703	155	1007	99	223	804	43	114	271	1008	3	870	1704	579	528	104	3	105	1705	1669	1670	215	12	484	485	105
91	48	92	1706	12	13	1707	1184	203	165
364	1708	22	1636	318	100	1019	861	400	401	139	135	402	3	403
133	647	648	1709	650	273	4	536	1710	601	280	284	1711	650	654	466
47	48	49	1490	308	43	34	46	43	9	298	40	1712	608	56	57	80	29	232	139	135
892	2	3	545	385	114	1713	1650	143	136	169	1714	236
1715	818	148	1716	1717	153	281	3	105
364	737	825	1718	1719	779	34	6	43	314	99	578	579	104	3	105	318	1720
356	480	481	777	12	2	3	809	1721	354	774	3	4
1722	60	2	3	105	1723	1724	1725	321	321	1726	1727	321	1728	1729	1730	1731	1732	1292	1733	1734	1729	1735	1735	1736	1737	1738	1739	1737	1737	1740	1741	1742	1743	1740	1744	1737	1745	1737	1737	1746	1747	1748	1737	1749	1750	1751	1752	1722	1753	60	128	24	4	1754	1724	321	1755	1724	1729	1756	1724	1731	1757	1724	1292	666	1722	90	1758	1759	896	40	1760	1729	326
76	1761	347	1356	1357	1358	273	1359
892	1762	43	9	182	137	1763	105	139	135	136	502	236	237	238	239	240	156	818	1764	134	135	99	43	9	256
817	620	47	48	188	228	229	36	357	3	36	229	3	36	1765	24	36	21	3	36	361	3	36	1399	1766	124	1767	1766	120	126	3	120	507	508	37	195	3	173
1768	35	36	764	1769	1770	1463	72	5	109	42	337	280	281	3	105	135	774	3	105	280	284	1463	34
196	166	143	400	605	402	3	403
356	480	481	777	12	2	3	809	1721	354	774	3	4
364	748	100	104	3	105	72	5	750	751	161	225
0	504	236	237	238	239	240	890	236	891	205	309
133	1771	628	156	739	492	28	1069	808	395	400	401	402	3	403	318	104	3	105	528
364	1772	1773	526	91	48	92	1774	110	1775	321	1776	1777	1778
1779	13	1290	1524	1780	200	23	24	149	759	145	279	1781	153
76	1082	137	147	636	410	128	24	4	1782	137	1783	147	1780	410	2	3	545	1784
1785	1786	504	80	309	42	646	31	1144	166	100	80	135	237	238	239	1222	1787	127	1788	1789	1790	215	107	1791	1381	1792	602	1585	767	1793	328
133	516	517	518	95	6	44	43	314	519	520	279	47	48	49
364	866	213	12	1184	165	526	281	3	105	832	1794	12	13	5	695	967	51	153	1795	1796	72	1797	1798	1799	1800
1801	1268	11	1802	309	400	605	402	1803	1804	403	1805	608	465	967	1806	237	1222	465	1807	49	1561	608	143	635	1808	1809	466	1810	100	1811	1603	1812	1462	47	530	1813	635	1814	530	784	1815	236	1814	1816	1817	49	95	44	43	314	404	115	47	48	1222	91	24	49	694	1448
814	1266	91	48	92	1818	30	31	53	90	952	128	24	4	354	1819	281	3	36	126	3	120	360	3	173
600	896	43	9	44	591	215	467	469	215	51	995	80	527	225	1820	47	48	49	215	134	80	527	1821	283	35	33	34	647	484	485	4
817	137	141	142	139	135	156	818	819	114	820	459	28	821	139	135	774	3	36	1822	3	105	822	1823	3	36	21	3	105	823	824	19	1824	105
892	1825	43	9	182	137	1763	105	139	135	136	502	236	237	238	239	240	156	818	1764	134	135	99	43	9	256
1826	12	13	76	698	1094	1827	19	3	786	470	1828	1492	302	80	279	1829	1830	169	239	143	141	240	473	467	279	43	9	169	1094	1636	1831	90	157
133	71	29	736	1832	1833	234	297	47	48	49
1834	34	1792	1835	1462	1836	1837	1838	1839	574	80	234	135	243	502	143	141	240
974	1464	1545	223	91	48	92	1259	271	469	767	1575	275	626	1840	43	109	1600	1841	3	4
294	1842	210	47	303	127
364	698	583	1843	636	372	128	24	4
364	157	698	29	56	205	91	48	92	13	107	318	100
1493	1844	506	1845	1846	786	1847	12	32	1848	80	235	376	47	24	188	360	3	173
1327	89	47	48	49
1849	380	269	699	29	242	280	284	1850	778	29	1476	1851	1048	1852	47	48	49
231	764	708	709	53	1268	502	268	12	128	24	22	361	3	173
63	767	410	23	24	149	666	569	40	29	1853	1854	133	80	340	390	40
0	382	29	1855	979	1856	1213	1857	114	401	1385	227	127	1858	205
364	365	13	1290	1524	200	128	24	4	759	1781	279
133	390	1499	758	1859	169	1524	23	24	149	1860	1861	157	5	596	72
196	166	549	95	139	135	575	143	141	240
1768	848	1678	309	1862	141	240	1863	1200	1864
12	90	115	1865	819	80	1866	376	836	80	822	1349	3	4	80	634	47	48	49
1867	1868	137	95	1869	527	1870	279	402	3	403	243	465	1871	575	411	236
387	1297	510	432	388	281	3	105	128	124	1399	1766	1123	1872	1285	80	1873	1874	1285	1875	1292	1873	1876
1877	1878	1879	556	72	1880	1881	1882	61	1883	1884	1272	165	421	1885	60	2	3	4	1886	1881	1887	1888	1889	1887	1888	1880	1890	1891	1889	1891	1892	1893	1894	1895	720	721	1896	1897	70	90	1898	1899	70	71	40	1900	1901	1902	72	65	322	1891	1880	1881	1903	421	322	1764	1904	299	587	322	321	1880	1890	76	322	1905	299	722	730	1906	321	1907	1908	128	24	4	66	67	70	66	67	1880	1881	66	67	61	62	1877	73	66	67	322	1891	1880	1881	666	1722	60	46	53	1909	1910	1911
14	90	200	128	24	4
294	866	747	318	104	3	105	100	43	9	1019	605	634	1912	1913	1914	1915	1916	1917	831	1918	161	1919	77	432	1920
842	1182	157	1921	1529	161	642	992	646	12	128	24	4
1922	297	620	613	615	1923	355	1924	1925	1926	1927	355	1928	153	560	839	43	114	12	1533	1314	349	216	290	449	450	116	117	4	447	448	19	3	127	345	1929	49
892	1130	1930	1131	1130	210	47	303	127	1931	1932	1636	318
490	53	42	139	135	47	48	188	1933	4	32	372	961	139	1763	22	35	105
817	1934	372	169	1935	1524	128	24	4
569	72	1562	726	72	1936	1937	1879	1938	2	3	22	1939	1940	1941	836	318	1879	1942	720	721	80	89	1943	322	1742	1944
1516	1945	280	269	514	372	273	4	635	1283	280	199	1285	72	153
196	856	819	90	270	464	29	128	24	4
204	268	560	1946	1947	261	309	333	43	9	182	47	24	188	360	3	1948	105	309	1500
133	840	1007	318	104	3	105	271	1949	3	1123
196	528	318	1950	1951	103	402	3	403	271
133	29	1952	1232	71	133	641	29	716	641	90	736	47	48	1953	641	1832	1833	234	297
666	1954	11	1430	1955	570	280	269	125	366	1956	269	808	699	29	1957	284	1958	269	1959	1960
133	125	149	157	1357	1961	570	280	284
1903	90	157	555	56	1962	1963	1964	1373	1375	1370	978	1369	1372	1374	1964	1373	1375	1370	978	1369	1372	1374	1965	1375	1370	978	1369	1372	1374	91	48	92	1966	1967	1968	57	1200	287	1969	1970	57	287	1200	1969	635	90	1971	1972	635	270	90	1971	1973	1972	1974
584	175	585	586	233	114	299	587	588	169	589	19	3	127
204	268	1642	1643	104	3	105
1975	367	1976	93	1977	1463	205	540	15	410	281	3	105
133	155	799	395	396	397	398	400	401	402	3	403	114	404	109	232	318	100	104	3	105
231	764	1663	1978	569	305	1979	1980	1981	155	1982	758	953	1983	1984	1985	1011	1986	1987	1988	1989	1011	1990	1991	553	1992	1591	1993	1011	1994	866	1847	1984	268	104	3	105
364	2	3	809	698	1149	12	137	166	169	80	973
133	1378	1368	1995	1996	661	1378	1997	1998	1999	157	314	2000	328	72	169	719	2001	1368	1998	1995	1998	1996	1997	1998	1999	2002	1368	1995	1996	1368	2003	14	15	410	701	91	48	92	953	2004	9	2005	632	279	2006	2007	1670	56	2008
93	2009	333	256	2010	43	9	256	427	318	104	3	105
364	866	280	284	764	215	1178	80	114	1314	349	290	291	80	309	237	1807	49	976	115	2011	3	127	2012	2013	113	2014	2015	20	2016	2017	4	844	900	273	4
364	866	217	12	169	2018	80	1190	40	47	48	188	23	24	22	126	3	786	41	1349	22	507	508	37	1074	3	1075	1129	1385	227	20	2019	3	1075
2020	29	372	47	48	49	719	694	29	385	1139
2021	137	463	1462	77	47	48	188	21	3	22	1181	3	127	137	2022	1361	33	34	484	485	4
60	90	635	2023	1722	531	12	29	666	2024	198	29	1186	283	2025	12	137	2	3	36	23	24	4
133	2026	169	145	2027	2028	47	48	49	2029	42	2030	697	797	2031	2032	2033	254	337	90	1653	156	155	1124	12	492	155
2034	72	803	114	2035	2036	2037	597	168	2038	504	779	47	24	49	806	165
606	147	1122	84	128	24	4	2039	353	2040
2041	1599	299	587	90	1410	299	587	719	126	3	304
2042	2043	137	1202	29	2044	2045	42	283	12	34	47	48	188	126	3	20	21	3	1472	23	24	4
1340	1850	29	72	5	1688	2046	427	47	1689	49	280	109	273	4
196	1382	2047	12	47	303	2048	716	474	213	893	1323	1324	1325	1489	1931	80	605	1024	400	605
364	2049	641	90	1358	666	935	875	2050	2051	2052	155	2053	90	12	283	232	29	80	1866	1129	559	47	303	127	41	135	1349	4	2054	29	236	2	3	809
0	1302	458	2	3	4	459	2055	153	460	29	461
91	48	92	518	504	13	166	155	271	537	626	1081	43	314
0	2056	2057	268	2058	2059	2060	504	1107	2061	791	2062	1296	11	47	48	49
307	215	12	34	80	139	328	1490	5	302	2063	9	256	47	24	188	226	227	20	91	303	20	21	3	20	21	3	22	126	3	127
974	1464	2064	560	31	1122	178	114	476	471	80	1053	139	135	764	77	2011	3	20	125	4
76	77	812	2065	280	269	273	4	2066	2067	1242	168	2067	2068	2069	2070	98
133	318	2071	580	43	404	109	861	400	605	853	402	3	855	1022	3	752
486	1438	2072	808	641	90	1069	280	1385	227	127	641	2073	280	72	40	5
364	365	13	1290	1524	1094	200	128	24	4	759	1781	279
307	694	47	48	188	21	3	22	228	485	4	1339	839	29	770	6	46
1132	2074	43	314	812	1140	2075	318	104	3	105	271	529	3	127
490	137	808	641	47	48	49	960	984
1867	2076	2077	2078	2079	2080	2081	892	2082	34	2083	114	2084	2085	2086	2087	2088	114	2089	2090	115	1593	2091	12	7	1533	9	19	3	127
318	1018	2092	836	2093	2094	156	818	1465	291	47	24	188	126	3	20	593	3	127
104	3	105	580	2095	175	396	397	398	557	400	605	402	3	752	404	109	161	169	43	9	256	432	5
76	2096	1430	13	2097	13	1349	3	4	1268	1682	1011	296
133	2098	12	352	34	47	48	49	646	205	166	317	271
2099	716	197	2100	43	9	44	137	2	3	36	125	3	1123	1314	349	216	1247	2101	308	43	309
133	2102	400	605	1018	1464	627	80	135	199	553	1992	395	1407	2103	2104	2105	1161	862	1963	2106	24	3	348	538	1548	493	557	1549	553	100
364	272	29	308	309	283	47	24	188	360	3	809	764	261	80	309	12
490	71	90	1339	5	6	34	2107	29	2108	98	2049	2	3	22	23	24	4
2109	2110	28	314	1042	1007	1259	2009	9	28	2111	12	34	1167	136	453	2112	48	92	342	1202	1810	2113	268	1205	157	43	314	2114	1111	271	767	1575	157	2115	2116	314	2117	314	613	616	2118	2119	13	2116	314	2120	2121	921	2122	2123	2124	2125	446	1662	339	318	968	161	1590	2126	1264	153	1171	2127	537	491	2128	2129	1047	2130	43	9	2024	2131	2132	81	314	839	819	453	290	2133	2134	481	2135	253	9	28	1007	2136	1059	36	2137	1666	24	120	1666	2137	24	786
2138	386	13	716	372	2	3	545	2139	410
364	866	1099	2140	528	318	104	3	105	271	1008	3	870	504	15	1534	1057	153	161	1314	349	2141
2142	2143	12	215	181	185	2144	5	6	2145	5	46	970	34	2146	91	2147	2148	47	48	49
1976	995	72	5	109	133	1202	2149	5	2045	2150	1202	165	2151	774	3	36	361	3	105
364	774	3	4	772	695
0	34	1466	880	334	880	2152	80	527	483	1149	1268	242	43	9	44	47	48	188	125	22	593	3	22	360	3	22	21	3	1472	21	3	544	361	3	105
76	531	12	2153	1722	60	2	3	105	1723	72	2154	1274	1725	2155	1623	1273	2156	165	421	1727	234	1202	80	89	40	1728	299	587	80	299	40	1730	641	80	641	40	72	1732	899	1292	72	1733	2157	2158	40	2159	2160	2161	2162	1736	234	1202	1292	2163	2164	2165	1739	1292	2166	299	2157	2167	2168	2169	2170	1741	234	1202	421	1743	1904	299	587	730	2171	2172	1744	299	587	40	421	234	1202	322	1745	299	587	730	2173	1906	321	65	40	322	2174	2175	1746	234	1202	1896	1897	641	1748	438	2176	291	2177	1749	134	641	40	2178	992	993	72	1751	2179	641	40	321	2180	72	1722	1753	60	128	24	4	1754	1723	1727	1755	1723	1728	1756	1723	1730	1757	1723	1732	666	1722	29	531	12	2181	157	254	2182	2183	2184	2182	42	2185
1252	242	2186	1144	658	2187	2188	225	43	5	235	2189	441	9	453	1247	447	448	19	3	20	117	3	105	449	450	116	117	4	345	2190	2191	188	226	2192	4
231	1285	396	397	398	395	2193	575	411	143	465	1126	143
133	747	659	99	528	271	1008	3	870	318	104	3	127	94	2194	504	53	2100	43	9	44	47	48	188	21	3	22	23	24	4
2021	30	31	215	5	1535	2195	2196	2195	1009	47	1689	188	91	24	188	126	3	20	593	3	127
60	255	1963	255	2106	255	2197	845	294	2198	2199	2200	2201	2202	2198	2203	2204	2205	2206	2207	2198	2208	2209	2210	2211	2212	2213	2198	2214	2215	2216	2217	2218	2198	2219	83	2220	2221	2222	2223	2198	2224	2225	2226	2227	2228	2229	2198	2230	2231	2232	2233	2234	666	2235	31	268	5	6	9	2236	2237	2238	255	2197	845	294	1023	47	2239	1993	14	1192	2240	2241	1347	1348	2198	2201	2202	2198	2230	2242	2243	666	2244	504	2245	280	31	53	2246	779	268	275	504	15	210	47	24	49
133	11	275	2247	2248	2249	1349	3	4	2250	11	2251	1011	492
1276	832	153	294	232	418	128	24	4	1563	76	2252	1372	1963	294	159	2253	175	43	9	1283	1284	1372	2254	77	157	2255	2256	2257	2258	2259	364	698	157	2061
490	283	2260	716	2261	47	48	49	2262	2263	42	259	2264	1780	803	1007
76	2265	2266	135	239	143	141	240	2267	107	2268	80	143	2269	997	508	2270	1860	41	135
0	12	2085	18	362	15	132	2271	34	2272	5	6	5	46	353	354	355	2273	2274	128	24	22	357	3	36	358	359	36	360	3	37	361	3	36	361	3	173
21	3	105	2275	1046	376	849	135	273	22	1767	2276	786	2277	2278	136	2279	281	3	105	766	2280	750	165	2281	1136	786
133	1570	880	12	241	799	2282	334	2283	157	5	596	2284	153	2285	2286	460	175	2287	175	328	5	2288	1496	2289	596	2290	2291	2117	151	152	596	2292	153	2293	145	1524	1780	23	24	149	517	286	2282	2294	2295	157	390	153	1281	2296
1785	2297	239	143	141	240	389	2298	560	861	634	328	418	56	205	143
2299	1019	528	2300	739	1144	1792	656	1047	109	80	1835	1462	1654	188	303	20	2301	22	2302	2303	2304	4	43	153	47	1060	21	3	36	2305
196	98	53	432	1915	232	627	528	1415	396	397	398	737	400	605	853	627	681	2306	402	3	403	1416	553	2307	2308	447	2309	100	396	397	398	225	2310	627	626	239	143	141	240	1563	2311	100	1278	2312	225	2313	627	2314	922	143
23	24	149	2315	90	2316	43	9	44
364	504	453	2075	858	332	1241	400	605	402	3	403
204	779	716	125	366	404	90	374	269
1834	77	328	133	2317	2318	2319	2320	2321	2322	2323	737	2324	318	104	3	1333
133	673	31	2325	114	2009	1210	1171	866	739	659	99	2326	271	1008	3	870	578	579	104	3	105	156	1007	646	31	2327
2328	812	1277	3	105
327	280	2329	43	9	44	91	48	92	2330	29	80	2331	165	153	139	280	328
294	2332	527	29	2333	80	280	792	156	836	1314	522	2334	280	284	410	273	4
91	303	304	623	169	29	232	1323	1324	1325	1326	514	2066	43	44	11	375	153
1340	46	1053	2335	5	44	1200	2336	1629	284	270	808	29	47	48	49
364	213	656	1047	1866	1124	43	256	778	2337	1866	1302	1600	47	24	2338
196	2339	317	2340	29	42	283	43	9	182	47	48	188	21	3	22	23	24	4	2341	29	2342	72	2343	234	587	234	587	175	2344	234
12	137	47	48	188	91	24	49	2345	29	427	400	605	234	235	135
93	1609	224	90	952	135	273	4	570	284	2346	2347	80	135
817	29	992	12	137	410	23	24	149
935	2348	143	2349	404	256	1954	143	200	47	24	49
1976	12	125	149	372	825	570	280	284	237	1807	530	12
133	587	2350	546	11	2351	2352	2353	143	11	2354	2355	2356	2357	95	587	2358	1988	364	365	1620	280	269	333	273	4	555	168
892	694	661	80	973	2	3	105	90	1279	12
1627	2359	12	1463	34	2360	281	3	105
364	365	13	410	42	362	46	866	694	43	9	44	764	493	11	1096	2361	2277	2362	153	281	3	105
1768	954	503	284	280	284	410	273	4	132	53	764	2363	2364	526	12	638
2365	776	29	200	91	48	92	1139	372	21	3
93	2366	971	2367	385	139	1866	2144	1616	41	143	2145	2368	143	1349	3	4
0	102	2369	659	99	675	2370	1229	560	2371	43	9	256	80	2372	432	104	3	105
2373	2374	1007	2375	459	271	1008	3	870	318	104	3	105
600	719	1398	90	952	128	24	22	1399	3	105	30	31	53	1400	21	22	21	3	545
133	1584	510	432	2376	281	3	36	23	124	1399	1766	2377	2378	2379	2380
1711	1102	269	98	808	90	157	128	24	4
364	283	169	318	100	47	24	49	372	205	278	5	314	169	504	779	1600	47	48	49	278	43	314	42	271	100	1008	3	870
387	82	1253	205	213	774	3	22	357	3	105	2381	1415	294	568	340	2382	2383	1000	340	298	2367	340	157	774	3	22	357	3	105
1667	527	243	488	43	9	2384	764	2385	1140	2386	1247	2387	114	115	19	3	127	110	111	2388	119	786	30	2389	2390	2192	1075	2391	452	3	105
817	268	760	268	91	24	92	1198	1172	528
91	303	304	13	44	2392	43	314	42	504	143	2393	2394	1623	1326	2395	240
133	155	799	395	396	397	398	400	401	402	3	403	114	404	109	232	318	100	104	3	105
133	205	91	24	92	76	2396	13	56	205	91	24	92
196	848	23	24	149	1490	716	90	257	101	80	767	1461	716	114
141	240	1676	779	546	716	11	237	240
364	666	1382	13	43	2397	1963	2106	1011	2	3	105	2398	2399	2400	426	2401	2402	2403	2404	2405	32	43	9	6	617	2406	2407
0	382	2408	2409	2066	47	303	127	2408	268	2410	153	2411	2412
1785	1786	504	80	309	42	646	1144	166	100	80	135	237	238	239	1222	1787	127	1788	1790	15	107	1791	1381	1792	602	1585	767	1793	328
2413	161	698	255	2414	2415	2416	2417	2418	2419	2420	2421	2422	2423	2023	2424	2425	2421	2426	2427	2428	2429	2430	2431	2432	2433	2434	2435	666	69	2436	2437	2438	510	2439	2440	2441	371	2442	2443	506	2444	2445	2446	379	2447	2448	2449	2450	2451	2452	2453	2454	2455	2456	1591	2439	2457	2458	1591	2459	2460	2461	438	2462	844	900	2463	2464	1655	814	185	1932	43	236	91	48	92	1491	43	309	34	2465	46
2466	2467	2468	556	2447	53	47	48	49	54	2	3	4	2245	135	19	3	127	52	53	128	24	4
239	411	2135	143	2469	421	580	311	2470	114	2471	2472	114	2473	2474	465	1126	2475	2476	2477	2478	2479	2480	2481	2482	2483	2007	2484	400	1229	2485	2486	2487	2488	1097	1274	1393	2489	964	2490	836	2491	2492	2493	1797	321
204	1200	1311	760	2494	1200	1010	34	2	3	545
1147	46	1144	378	2	3	1521	1451	484	485	1619	1342	1343	128	24	4	355	1695	970	12
364	866	18	2495	1143	107	819	646	30	31	1144	47	48	1145	49	1933	239	411	91	24	92	126	3
196	848	470	11	2250	473	318	1203	1200	2496	2497	2498	1356	765	2499	1963	2500	2106	132	2501	2502	2503	2504	1356	378	11	2505	275	1349	3	127	379	735	1200	271	2506	382	275	489	132	2507	47	24	49
600	896	12	215	467	469	215	51	995	80	527	225	1820	91	48	92	215	134	80	527	1821	283	647	183	2508	2121	2509	911	2510	2511	484	485	4
2512	2513	2514	2515	318	104	3	105
1715	818	2516	205	2517	1722	60	47	48	49	2518	72	1562	641	641	40	72	2519	80	89	1943	322	1944	2520	556	899	72	847	1937	1879	847	1369	80	299	587	234	2521	1273	2522	165	421	2523	60	2	3	105	1369	730	730	80	299	587	322	2524	299	587	730	1906	321	2525	234	322	2526	587	2526	587	730	40	421	2519	80	89	421	65	421	2524	299	587	730	421	2163	2519	234	1202	1292	2163	2163	2524	299	587	730	1292	2163	438	438	441	175	2527	134	641	72	2528	2179	641	2529	207	2530	128	24	4	2518	2519	72	234	1202	2518	1369	72	299	587	2518	641	72	641	2518	2520	72	556	899	666	12	29	198	205	2531	56	2532	5	340	139	280	72	40	65	133	168	179	43	9	56	2533	2532	1416	2533	2534	1563	2535	90	2536	1520	90	514
569	5	1454	356	483	432	1454	114	1003	11	43	9	44	47	48	188	21	3	173
76	2537	698	834	15	410	91	48	92	2538	317	2539	2540	1003	11
76	198	12	205	583	29	502	12	137	620	1150	198	29	1772	91	48	92	385	29	21	3
133	2541	605	2542	2543	283	12	169	558	2544	2276	786	1556	29	232	521	135	385	2545	29	661	29	521	42	12	566	1385	227	127	206	2546	43	314	2547	558	2073	135	2548	2549	1419	1915	43	314	624	135
2550	29	47	48	49	72	1562	847	234	1202	299	587	641	234	72	899	234	556	72	2521	2551	79	235	2156	165	421	1885	29	372	19	3	20	21	3	22	105	72	730	299	587	730	2526	2157	730	587	2344	2552	234	641	1897	2553	2554	2555	641	234	2178	992	993	72	85	2344	2552	234	641	2556	695	299	587	823	1086	340	2557	2558	2559	1585	587	823	1086	340	322	421	65	1885	29	372	128	24	4	72	234	1202	72	299	587	847	899	80	767	364	2560
196	549	205	844	845	1206	591	2561	169	318	1019	104	3	105	95	239	139	135	141	240	628	35	36	276	2562	484	485	105
486	169	2072	139	280	29	2072	12	53	1385	227	127	641	2073	280	72	40	5
231	764	6	1593	1054	493	1769	2509	911	2309	1403	1247	447	448	19	3	127	449	450	116	117	4
2563	858	2564	90	655	42	80	139	280	47	48	49	972	1556	29	145	1180	2565	2028
133	198	90	157	776	29	200	91	48	92	1139	372	21	3	149	126	3	304	2566	90	372	128	24	4
1385	227	127	2567	205	12	1556	2568	139	135	1332	241	504	558	2569
743	29	942	2570	641	90	488	43	9	44	137	77	47	48	188	712	3	22	1181	3	1123
196	155	1361	33	2571	318	104	3	105	1019	400	605	402	3	403	395	738	156	157	737	384	739	157
364	2572	309	135	628	236	465	143	237	466	239	143	141	240
318	601	602	114	603	604	5	235	580	80	109	400	605	402	3	403
133	34	43	9	2573	427	283	18	47	48	49	881	2574	153	432	82	72	5	235
2575	2576	483	1184	12	506	91	48	92	2577	2578	2579	2580	693	1664	2581	203	12
133	1984	779	2582	2583	797	798	779	91	48	92	157	386	29	1664	29	1600	31	213	569	2584	726	2585	720	721	2586	1691	2587	723	722	2588	71	2589	2590	322	2591	2592	1524
600	137	95	1869	527	40	849	400	605	402	3	403	694	308	849	484	1512	4	12
76	77	23	24	149	210	12	11	2318	791	80	29	95	143	897	1492	808	309	135
91	24	92	1268	2296	2593	2594	2595	2596	2597	169	143	465	1126
128	24	1359	698	1542	12	1543	1544	1545	1546	147
133	513	2598	42	1173	837	666	1954	268	299	587	768	1339	1332	666	1960	268	745	5	768	1339	328	1332	91	24	2338
239	143	141	240	730	1143	309
1715	1233	1184	12	2599	694	12	1099	271	1008	3	870	318	104	3	105	2600	35	33	290	484	1512	22	105	526	349
356	137	29	42	80	279	243	239	143	2	3	20	21	3	4	699	80	514	243	80	2601	1349	3	20	593	904	20	593	22	593	3	4
93	157	778	29	2602	29	695	763	1766	1123	128	24	4	819	270	2603	2604	29
133	1463	15	2605	959	281	3	105	2606	280	284	1045	1296	1469	1650	5	109
2607	2608	80	236	504	1144	2609	1610	465	238	1222	2610	1437	238	239	240	1099	618	156	528	402	1803	1804	855	2611	127	2612	513	2613	1314	349	216	866
368	2614	196	733	569	2615	1842	29	210	2616	11	2	3	545	198	29
1516	2617	12	185	776	137	376	2618	12	137	620	776	1591	2619	2620	1969	2295	2621	139	2622	1612	1415	136	352	12	386	137	19	1160	21	2623	1416	179	12	13	275	2624	376	1019	472	741	1277	3	36	361	1822	2625	2626	776	145	2627	157	995	390	1552	1309	799	1628	792	1945	1552	249	2628	2629	776	1341	2630	30	31	2631	2620	11	776	880	2632	1407	2633	776	15	2634	13	2635	2636	2637
231	1302	764	12	137	80	235	376	47	24	188	360	3	173
14	1232	147	1524	128	24	4	12	1122
364	866	12	459	35	33	34	22	36	2134	1184	165	1099	318	104	3	105
294	1140	2475	29	764	839	283	43	9	44	1184	165	47	48	188	21	3	594	23	24	4	698	778	12	1176	165
2638	2639	2640	2	3	1619	210	2641	2275	404	235	1177	2642	169	155	157	2643	102	942	2642	1177	605
579	1257	104	3	105	2644	400	401	432	5	235
271	799	1042	2645	2646	2647	1668	100	2648	91	48	92	94	1570	504	30	31	15	12	169	819	803	80	29	234	1202	332	333	1962	99	2649	694	2650	896	2651	12	2652	485	228	1164	1059	844	845	1206	2653	1101	91	2147	15	271	155	2654	1259	100	2655	1813	349	799	836	1104	288	2656	9	2005	803	2657	1259	43	314	2658	314	613	616	2659	2660	2661
2662	143	239	411
76	1082	91	303	304	210	2047	143	27	268	465	143
133	441	2663	147	148	84	128	24	4	1438	2166	642	9	596
76	5	2664	157	29	200	47	48	49
2665	2537	268	524	1601	309	43	9	182	560	2666	492	309	43	9	182	47	24	188	360	3	545
892	2667	560	770	41	72	5	2668	5	279	1385	227	127	2669	560	12	1200
364	1157	2670	1054	555	12	34	1381	2671	91	48	92	10	1158	2672	317	2673	43	314	153	1407	2674	34	2675	44	153	1407	2676
2677	2476	99	528	400	605	2678	3	2679	578	579	104	3	105	271	1654	3	127	2680	694	32	95	80	43	527	225
2681	2682	851	29	133	1150	2683	29	72	2684	641	2685	234	1202	2686	899	2687	847	2688	299	587	2689	72	562	2690	29	372	47	48	49
2691	15	2692	2693	161	2281	1136	786	2379	47	48	49	2542	803	1599
1340	280	284	12	273	4	840	2694	2695	2696	242	827	2697	648	280	269	205	1469	1650	153	1076	557	577	135	132	1076	2698
196	808	156	157	2699	395	2700	396	397	398	399	557	400	605	1914	318	104	3	105	1019	165	153
14	959	2	3	36	125	4	2453	2701	2702	2703	5	81
196	873	1976	2704	2705	808	12	29	47	48	188	21	3	36	23	24	4
1493	1700	2706	1007	12	2707	34	2708	674	2709	276	1358	91	48	2710	126	2711	23	24	2712	21	2713	35	2714	2715	22	36	1157	2716	2717	1593	1054	2718	2719	1314	349	216	1403	1247	114	115	19	2720	110	111	116	117	4	2391	452	2721	30	2389	2191	2722	1057	43	750	1274	1393	2315	453	290	2723	2724	1396	2725	4
364	47	48	49	1150	2726	2727	471	976	72	153	372
1252	844	845	1206	591	137	1099	318	749	24	20	24	3	105	2728	276	1448	484	229	36	1164	4	764	2729	2063	5	235	432	165
629	504	236	166	400	605	853	402	3	403	2730	2731	2732	2733	2734	2735	2736	2419	2419	2419	2317	1738	2736	2737	2738	2739	2740	2741	2742	2743	1740	2318	2744	2731	2745	321	1726	2319	2746	1735	2320	2747	2731	2748	321	2749	2736	2750	2321	2322	326	294	1813	80	235	333	256
133	43	314	2258	1914	2040	318	104	3	105	2751	2752	100	43	314	80	2372
133	617	104	3	105	99	100	432	562	1317	533	603	604	404	580	234	235	135	400	605
2753	43	5	235	2754	349	2755	1247	114	115	273	3	20	126	3	127	110	111	2388	119	786	2756	2757	2758	2759	3	1075
2760	165	2761	271	43	9	44	47	48	49	271	12	137	317	1157	1158	4
2762	528	2763	43	9	114	98	308	43	236	47	48	49	2385	1247	2751	43	527
364	365	1524	42	147	1982	128	24	4	759	2363	2764	2765	279	745
364	808	12	137	641	29	1309	394	460	40	139	311	2766	2767	641	139	280	587	72	47	48	49
2768	2769	133	284	856	528	318	2770	2771	400	2772	402	3	403	271
133	1603	372	385	147	1144	867	493	274	1772	148	128	24	4
133	2773	15	281	3	105	826	827	168	828	718	157	832	5	311
1147	270	2774	288	555	2775	23	24	149
133	43	314	2258	1914	2040	318	104	3	105	2776	1969	2752	100	43	314	80	2372
892	11	2777	477	478	479	2778	95	80	309	992	308	43	309	11	2777	2779	2352	281	3	105
0	2780	2144	538	1591	2781	1649	1176	165	2	3	4	763	1766	1123	128	1123	2544	1766	786
974	491	155	268	2782	2783	268	275	12	13	134	849	35	22	33	34	276	1349	3	4
2784	104	3	105	2785	1947	318	43	314	256
364	719	2786	2787	1322	139	462	349	1178	1010	819	233	2486	53	2788	1032	239	1610	465	238	239	1222	239	530
1385	227	127	1556	2568	139	135	1332	241	504	558	2569	12
307	694	764	2385	505	31	43	314	1714	279	281	3	37	357	3	105
387	2789	773	2790	2789	773	91	24	92
133	1678	143	1080	143	967	2349	2791	634	708	56	139	135	2792	236	2793	2409	2794	737	946	400	605	141	240	502
133	2795	2796	318	210	104	3	105	2797	1322	2798	2799	2800	2801	2802	2803
2804	2805	143	91	303	304	2806	2062	274	465	143	1534	375	2410	318	153
2807	2808	2809	2810	937	2811	2812	2813	2814	2815	2816	2817	2818	2819	2820	2821	2822	2823	2824	713	2825	2826	2827	2828	666	2829	155	157	133	1982	2830	2831	620	378	42	730	2249	2832	485	127	239	2833	80	143	2834	1766	2835	2012	2013	2836
133	274	1010	524	205	556	770	205	2062	2837	716	274	624	80	634	281	3	105
1470	80	1866	1129	559	47	303	127	41	135	1349	22	126	3	173	960
360	3	149	2838	2839	1143	2840
364	698	1121	29	1952	666	427	47	48	188	21	3	36	23	24	4
133	1945	15	1612	1524	1518	215	128	24	4
593	1302	410	1106	42	43	44	779	1349	3	4
364	89	1851	80	767	90	372	23	24	149
196	11	268	1708	22	1636	318	624	139	135	268	95	634	597	575	143	141	240
231	848	43	1054	461	2841	165	175	767	812	2842	1076	80	5	235	47	48	49
2138	2843	56	860	1914	139	280	281	3	105
2844	1057	153	165	1937	694	866	1624	1099	1015	659	99	528	271	1008	3	870	617	104	3	105
47	24	49	623	268	1952	2360	666
364	2845	2846	102	2369	2312	97	2847	156	12	137	128	24	22	24	3	105
